SAMPLE	5UPKIR	HLA-E	HLA-G	KIR2DL1	KIR2DL2	KIR2DL3	KIR2DL4	KIR2DL5AB	KIR2DP1	KIR2DS1	KIR2DS2	KIR2DS3	KIR2DS4	KIR2DS5	KIR3DL1	KIR3DL2	KIR3DL3	KIR3DP1	KIR3DS1	LILRB1	LILRB2	LILRB3	LILRB4	LILRB5
1000206901	2	2	2	1	1	1	2	2	2	1	1	2	1	0	2	2	2	2	1	2	1	0	1	1
100102082	2	2	2	1	0	2	2	0	2	0	0	0	2	0	2	2	2	2	0	1	1	1	1	0
1001207701	2	2	2	1	0	2	2	0	2	0	0	0	2	0	2	2	2	2	0	1	1	0	1	0
1002209901	2	2	2	1	1	1	2	0	1	0	1	0	2	0	2	2	2	2	0	1	1	1	1	1
1003210301	2	2	2	1	1	1	2	2	2	1	1	1	1	1	2	2	2	2	2	1	1	0	1	1
1004211301	2	2	2	1	1	1	2	0	1	0	1	0	2	0	2	2	2	2	0	1	1	1	1	1
1005214101	2	2	2	1	0	2	2	0	2	0	0	0	2	0	2	2	2	2	0	2	1	0	1	1
1007215301	2	2	2	1	2	0	2	2	2	1	1	2	1	0	1	2	2	2	1	2	1	1	1	1
1008216701	2	2	2	1	1	1	2	1	2	0	1	1	2	0	2	2	2	2	0	1	1	1	1	1
1009228901	2	2	2	1	0	2	2	0	2	0	0	0	2	0	2	2	2	2	0	1	1	0	1	1
1010616901	2	2	2	1	1	1	2	1	1	1	1	0	1	1	2	2	2	2	1	2	2	0	1	1
101106071	2	2	2	1	2	0	1	2	1	1	2	1	1	1	1	2	2	1	0	2	1	1	1	0
1011616902	2	2	2	1	1	1	2	1	2	0	0	0	2	1	2	2	2	2	0	1	1	1	1	1
1012617701	1	2	2	1	0	2	2	1	2	1	0	0	1	1	1	2	2	2	1	1	2	0	1	1
1013617501	2	2	2	1	0	2	1	0	2	1	0	0	1	0	1	2	2	1	0	1	1	0	1	1
1014604901	2	2	2	1	0	2	2	1	2	1	0	0	1	1	2	2	2	2	1	1	1	0	1	0
1015611101	2	2	2	1	1	1	2	2	2	1	1	1	1	1	1	2	2	2	1	1	2	0	1	1
1016611301	1	2	2	1	1	1	2	1	2	0	1	1	2	0	2	2	2	2	0	2	1	0	1	1
1017620101	2	2	2	1	0	2	2	1	2	1	0	0	1	1	1	2	2	2	1	1	1	0	1	1
1018621701	2	2	1	1	1	1	2	1	1	1	1	0	1	1	2	2	2	2	1	2	1	0	1	0
1019621702	2	2	2	1	0	2	2	0	2	0	0	0	2	0	2	2	2	2	0	1	1	0	1	1
1020330101	2	2	2	1	0	2	2	0	2	0	0	0	2	0	2	2	2	2	0	2	2	0	1	0
102116021	2	2	2	1	0	2	2	0	2	0	0	0	2	0	2	2	2	2	0	2	1	0	1	1
1022306301	2	2	1	1	2	0	2	1	1	0	2	0	2	1	2	2	2	2	0	1	1	1	1	1
10227052	2	2	2	1	1	1	2	2	2	1	1	1	1	1	1	2	2	2	1	1	1	1	1	1
1023311101	2	2	2	1	1	1	2	2	2	2	1	1	0	1	0	2	2	2	2	2	1	0	1	1
1024311301	2	2	2	1	1	1	2	2	2	1	1	1	1	1	1	2	2	2	1	2	1	0	1	1
1025318501	2	2	2	1	0	2	2	1	2	1	0	0	1	1	1	2	2	2	1	1	1	0	1	0
1026319101	2	2	2	0	2	0	2	0	0	0	2	0	2	0	2	2	2	2	0	1	1	0	1	1
1027328701	2	2	2	1	0	2	2	2	2	2	0	0	0	1	0	2	2	2	2	1	1	0	1	0
1028328901	2	2	2	1	0	2	2	1	2	1	0	0	1	1	1	2	2	2	1	2	1	0	1	1
1029307901	2	2	2	1	1	1	2	0	1	0	1	0	2	0	2	2	2	2	0	1	1	0	1	1
1030315301	2	2	2	1	1	1	2	1	1	1	1	0	1	1	1	2	2	2	1	2	1	0	1	1
103116022	2	2	2	1	1	1	1	1	1	1	1	0	1	1	1	2	2	1	0	2	1	0	1	0
1031824301	2	2	2	1	1	1	2	2	2	2	1	1	0	1	0	2	2	2	2	1	1	0	1	1
1032827101	2	2	2	1	1	1	2	2	2	1	1	1	1	1	1	2	2	2	1	2	1	0	1	1
1034803101	2	2	2	1	1	1	2	2	2	1	1	1	1	1	2	2	2	2	1	1	1	0	1	1
1035816701	2	2	2	1	1	1	2	1	1	1	1	0	1	1	1	2	2	2	1	1	1	0	1	1
1036806701	2	2	2	1	1	1	2	1	2	0	0	0	2	1	2	2	2	2	0	1	1	1	1	1
1037800501	2	2	2	1	0	2	2	1	2	1	0	0	1	1	1	2	2	2	1	1	1	1	0	1
1038800301	2	2	2	1	1	1	2	1	2	0	1	1	2	0	2	2	2	2	0	1	1	0	1	1
1039801301	2	2	2	1	0	2	2	0	2	0	0	0	2	0	2	2	2	2	0	2	2	0	1	1
1040822501	2	2	2	1	1	1	2	2	2	1	1	1	1	1	1	2	2	2	1	2	1	1	1	1
104116082	2	2	2	1	1	1	2	0	1	0	1	0	2	0	2	2	2	2	0	1	1	0	0	1
1041302101	2	2	2	1	1	1	2	0	1	0	1	0	2	0	2	2	2	2	0	1	1	1	1	1
1042404301	2	2	2	1	1	1	2	1	2	0	1	1	2	0	2	2	2	2	0	1	1	0	1	1
1043306901	2	2	2	1	1	1	2	2	2	1	1	1	1	1	2	2	2	2	1	1	1	0	1	1
1044307701	2	2	2	1	0	2	2	0	2	0	0	0	2	0	2	2	2	2	0	1	2	0	1	1
1045318901	2	2	2	1	1	1	2	1	2	0	0	0	2	1	2	2	2	2	0	2	1	0	1	0
1046324501	2	2	2	1	0	1	2	3	2	2	1	1	0	1	0	2	2	2	2	1	1	1	1	0
1047326101	2	2	2	1	0	2	2	0	2	0	0	0	2	0	2	2	2	2	0	1	1	2	1	1
1048328901	2	2	2	1	1	1	2	1	1	1	1	0	1	1	1	2	2	2	1	2	1	0	1	1
1050333901	2	2	2	1	0	2	2	1	2	1	0	0	1	1	2	2	2	2	1	1	1	0	1	1
1051007301	2	2	2	1	0	2	2	0	2	0	0	0	2	0	2	2	2	2	0	2	2	0	1	1
1052007701	2	2	2	1	1	0	2	1	1	1	1	0	1	1	1	2	2	2	1	1	1	0	1	1
1053009701	2	2	2	1	0	2	2	0	2	0	0	0	2	0	2	2	2	2	0	1	1	0	1	1
105301031	2	2	2	1	0	2	2	0	1	0	0	0	2	0	2	2	2	2	0	1	1	0	1	1
1054020501	2	2	2	1	1	1	2	2	2	1	1	1	1	1	1	2	2	2	1	1	1	1	1	0
1055016301	2	2	2	1	1	1	2	2	2	1	1	2	1	0	1	2	2	2	1	1	1	0	1	1
1057014701	2	2	2	1	0	2	2	0	2	0	0	0	2	0	2	2	2	2	0	1	1	1	1	1
1058009901	2	2	2	1	0	2	2	0	2	0	0	0	2	0	2	2	2	2	0	1	1	0	1	0
1059310901	2	2	2	1	0	2	1	2	1	1	0	0	0	1	0	2	2	1	1	1	1	0	0	0
1060302901	1	2	2	1	2	0	2	1	1	0	2	1	2	0	2	2	2	2	0	1	1	0	1	1
1061309301	2	2	2	1	1	1	2	0	1	0	1	0	2	0	2	2	2	2	0	1	1	0	1	1
1062301301	2	2	1	1	2	0	2	1	1	0	1	1	2	0	2	2	2	2	0	1	1	0	0	1
106301032	2	2	2	1	2	0	2	2	2	0	1	1	2	1	2	2	2	2	0	1	1	0	1	0
1063331501	2	2	2	1	0	2	2	1	2	1	0	0	1	1	1	2	2	2	1	1	1	0	1	1
1064331901	2	2	2	1	1	1	2	2	2	1	1	1	1	1	1	2	2	2	1	1	1	0	1	1
1065307801	2	2	2	0	2	0	2	0	0	0	2	0	2	0	2	2	2	2	0	2	2	0	1	1
1066300601	2	2	2	1	1	1	2	1	2	0	1	1	2	0	2	2	2	2	0	2	1	0	1	1
1067305201	2	2	2	1	2	0	2	2	1	1	2	2	1	0	2	2	2	2	1	2	1	0	1	1
1068305301	2	2	2	0	2	0	1	1	0	1	2	0	1	1	1	2	2	1	0	2	2	0	1	1
1069305601	2	2	2	1	0	2	2	0	2	0	0	0	2	0	2	2	2	2	0	2	1	0	1	1
1070309701	2	2	2	1	0	2	2	0	2	0	0	0	2	0	2	2	2	2	0	2	1	0	1	0
1071310701	2	2	2	1	1	1	2	2	2	1	1	2	1	0	1	2	2	2	1	1	1	1	1	0
1072310801	2	1	2	1	1	1	2	1	1	1	1	0	1	1	1	2	2	2	1	1	1	1	1	0
107301101	2	2	2	1	0	2	2	1	2	1	0	0	1	1	1	2	2	2	1	2	1	0	1	1
1073306701	2	2	2	1	1	1	2	1	2	0	1	1	2	0	2	2	2	2	0	1	1	0	1	1
1074415201	2	2	2	1	0	2	2	0	2	0	0	0	2	0	2	2	2	2	0	2	1	1	1	0
1075415202	2	2	2	1	0	2	2	0	2	0	0	0	2	0	2	2	2	2	0	1	2	1	1	1
1076406101	2	2	2	1	1	1	2	1	2	0	1	1	2	0	2	2	2	2	0	1	1	1	1	0
1077418301	2	2	2	1	1	1	2	1	2	0	0	0	2	1	2	2	2	2	0	1	1	0	1	0
1078415001	2	2	2	1	0	2	2	0	2	0	0	0	2	0	2	2	2	2	0	2	2	1	1	1
1079410601	2	2	2	1	1	1	2	2	2	1	1	1	1	1	1	2	2	2	1	1	1	0	1	1
1080414201	2	2	2	1	1	1	2	2	2	1	1	1	1	1	1	2	2	2	1	2	2	0	1	1
1081411201	2	2	2	1	1	1	2	1	2	0	0	0	2	1	2	2	2	2	0	1	1	0	1	1
1082416301	2	2	2	1	1	1	2	1	1	1	1	0	1	1	1	2	2	2	1	2	2	0	1	1
108303082	2	2	2	1	1	1	2	0	1	0	1	0	2	0	2	2	2	2	0	2	2	0	1	1
1083645101	2	2	2	1	0	2	2	1	2	1	0	0	1	1	2	2	2	2	2	2	2	0	0	1
1084649101	2	2	2	1	2	0	2	1	1	0	1	0	2	1	2	2	2	2	0	1	1	1	1	1
1085674901	2	2	2	1	0	2	2	0	2	0	0	0	2	0	2	2	2	2	0	1	2	0	1	1
1086675791	2	2	2	1	1	1	2	1	2	0	1	1	2	0	2	2	2	2	0	1	1	1	1	1
1087643301	2	2	2	1	2	0	2	1	1	0	2	1	2	0	2	2	2	2	0	1	2	0	1	1
1088603301	2	2	2	1	0	2	2	0	2	0	0	0	2	0	2	2	2	2	0	1	1	0	1	1
1089637701	2	2	2	1	1	1	2	1	1	1	1	0	1	1	2	2	2	2	1	1	2	0	1	1
1090670301	2	2	2	1	1	1	2	2	2	1	1	2	1	0	1	2	2	2	1	1	1	0	1	0
1091616501	2	2	2	1	0	2	2	0	2	0	0	0	2	0	2	2	2	2	0	1	1	0	1	0
1092662101	2	2	2	1	1	1	1	1	1	1	1	0	1	1	1	2	2	1	0	1	1	0	1	1
109303083	2	2	2	1	1	1	2	0	1	0	1	0	2	0	2	2	2	2	0	2	2	0	1	1
1093410201	2	2	2	1	0	2	2	0	2	0	0	0	2	0	2	2	2	2	0	1	1	0	1	1
1094410202	2	2	2	1	1	1	2	0	1	0	1	0	2	0	2	2	2	2	0	2	2	0	1	1
1095415601	2	2	2	1	0	2	2	0	2	0	0	0	2	0	2	2	2	2	0	1	1	0	1	0
1096407801	2	2	2	1	0	2	2	0	2	0	0	0	2	0	2	2	2	2	0	2	1	0	1	1
1097223901	2	2	2	0	2	0	2	0	0	0	2	0	2	0	2	2	2	2	0	2	2	1	1	1
1098222101	2	2	2	1	0	2	2	0	2	0	0	0	2	0	2	2	2	2	0	1	1	1	1	1
1099223302	2	2	2	1	1	1	2	1	1	1	1	0	1	1	1	2	2	2	1	1	1	0	1	1
1101303201	2	2	2	1	0	2	2	0	2	0	0	0	2	0	2	2	2	2	0	1	1	1	1	1
1102304001	2	2	2	1	2	0	2	2	2	0	2	2	2	0	2	2	2	2	0	1	2	0	1	1
110306031	2	2	2	1	0	2	2	1	2	1	0	0	1	1	2	2	2	2	1	1	1	1	1	1
1103307601	2	2	2	1	1	1	2	1	2	0	1	1	2	0	2	2	2	2	0	2	1	0	1	1
1104308401	2	2	2	1	1	1	2	0	1	0	1	0	1	0	2	1	2	2	0	1	2	0	1	0
1105309301	2	2	2	1	0	2	2	0	2	0	0	0	2	0	2	2	2	2	0	1	1	0	1	1
1106309302	2	2	2	1	1	1	2	2	2	1	0	0	1	1	2	2	2	2	1	1	1	0	1	0
1107311001	2	2	2	1	1	1	2	1	1	1	1	0	1	1	2	2	2	2	2	1	1	0	1	1
1108317201	2	2	2	1	0	2	2	0	2	0	0	0	2	0	2	2	2	2	0	2	1	0	1	1
1109317202	2	2	2	1	0	2	2	0	2	0	0	0	2	0	2	2	2	2	0	1	1	1	1	1
1110318701	2	2	2	1	1	1	2	2	2	1	1	1	1	1	2	2	2	2	1	2	1	1	1	1
1111319301	2	2	2	1	1	1	1	2	1	2	1	1	0	1	0	2	2	1	1	2	1	0	1	1
1112517801	2	2	2	1	1	1	2	1	2	0	1	0	2	1	2	2	2	2	0	2	2	0	1	1
111306051	1	2	2	1	2	0	2	1	1	0	2	1	2	0	2	2	2	2	0	2	2	0	1	1
1113557401	2	2	2	1	0	2	2	1	2	1	0	0	1	1	1	2	2	2	1	1	1	1	1	1
1114222501	2	2	2	1	0	2	2	0	2	0	0	0	1	0	2	2	2	2	0	2	2	1	1	1
1115534601	2	2	2	1	1	1	2	1	2	0	1	1	2	0	2	2	2	2	1	1	1	0	1	1
1116208702	2	2	2	1	1	1	2	2	2	1	1	2	1	0	2	2	2	2	1	2	1	0	1	1
1117525001	2	2	2	1	0	2	2	0	2	0	0	0	2	0	2	2	2	2	0	1	1	1	1	1
1118225101	2	2	2	1	2	0	2	1	1	0	1	0	2	1	2	2	2	2	0	1	2	0	1	1
1119561901	2	2	2	1	1	1	2	1	2	0	1	1	2	0	2	2	2	2	0	1	1	0	1	1
1120208701	2	2	2	1	0	2	2	0	2	0	0	0	2	0	2	2	2	2	0	2	2	0	1	1
1122217501	2	2	1	0	2	0	2	0	0	0	2	0	2	0	2	2	2	2	0	1	2	0	1	1
1123524701	2	2	2	1	1	1	2	2	2	1	1	2	1	0	1	2	2	2	1	2	1	0	1	1
1125533701	2	2	2	1	0	2	2	1	2	1	0	0	1	1	1	2	2	2	1	2	2	0	1	1
1126220301	2	2	2	1	2	0	2	2	1	1	2	2	1	0	2	2	2	2	1	1	1	0	1	1
1127231901	2	2	2	1	0	1	1	1	1	1	1	0	1	1	1	2	2	1	0	1	1	1	1	1
1128125001	2	2	2	1	1	1	2	1	2	0	1	0	0	1	2	0	2	2	0	1	1	1	1	1
1129125002	2	2	2	1	1	0	2	2	2	0	2	2	2	0	2	2	2	2	0	1	1	0	1	1
1130125901	2	2	2	1	0	2	2	0	2	0	0	0	2	0	2	2	2	2	0	1	1	0	1	0
1131137001	2	2	2	1	1	1	2	0	1	0	1	0	2	0	2	2	2	2	0	2	2	0	1	1
1132140901	2	2	2	1	1	1	2	1	2	0	1	1	2	0	2	2	2	2	0	1	1	1	0	1
113306062	2	2	2	1	0	2	2	1	2	0	0	0	2	1	2	2	2	2	0	1	2	1	1	1
1133814801	2	2	2	1	1	1	2	1	2	0	1	1	2	0	2	2	2	2	0	1	1	1	1	1
1134304501	2	2	2	1	0	2	2	0	2	0	0	0	2	0	2	2	2	2	0	2	1	0	1	1
1135327301	2	2	2	1	1	1	2	1	2	0	1	1	2	0	2	2	2	2	0	1	1	0	1	1
1136309301	2	2	2	1	1	1	2	0	1	0	1	0	2	0	2	2	2	2	0	1	1	0	1	1
1137118901	2	2	2	1	1	1	1	2	1	2	1	0	0	1	0	2	2	1	1	1	1	1	1	1
1138100101	2	2	2	1	0	2	2	0	2	0	0	0	2	0	2	2	2	2	0	1	1	0	1	1
1139102501	2	2	2	1	0	2	2	1	2	1	0	0	1	1	2	2	2	2	1	1	1	0	1	1
1140104501	2	2	2	3	0	2	2	2	4	1	0	2	1	0	2	2	2	2	2	2	2	1	1	1
1141109101	2	2	2	1	1	1	2	1	2	0	1	0	2	1	2	2	2	2	0	1	1	0	1	1
1142112701	2	2	2	1	0	2	2	0	2	0	0	0	2	0	2	2	2	2	0	1	1	0	1	0
114306102	2	1	2	1	1	1	2	1	1	1	1	0	1	1	1	2	2	2	1	2	1	0	1	1
1143306101	2	2	2	1	0	2	2	0	2	0	0	0	2	0	2	2	2	2	0	1	1	0	1	1
1144306901	2	2	2	1	0	2	2	0	2	0	0	0	2	0	2	2	2	2	0	2	1	1	1	1
1145306902	2	2	2	1	0	2	2	0	2	0	0	0	2	0	2	2	2	2	0	2	1	0	1	1
1146418701	2	2	2	1	1	1	1	1	1	1	1	0	1	1	1	2	2	1	0	1	1	0	1	1
1147414901	2	2	2	1	1	1	2	2	2	1	1	2	1	0	1	2	2	2	1	1	2	0	1	1
1148415501	2	2	2	1	1	1	2	1	1	1	1	0	1	1	2	2	2	2	1	1	2	0	1	1
1149417901	2	2	2	1	0	2	2	1	2	1	0	0	1	1	2	2	2	2	1	1	1	1	1	1
1150414501	2	2	2	1	1	1	2	1	2	0	1	1	2	0	2	2	2	2	0	1	1	0	1	1
1151210901	2	2	2	1	1	1	2	1	2	0	1	1	2	0	2	2	2	2	0	2	2	0	1	1
1153202102	2	2	2	1	1	1	2	0	1	0	1	0	2	0	2	2	2	2	0	2	2	0	1	1
1154200401	2	2	2	1	0	2	2	0	2	0	0	0	2	0	2	2	2	2	0	1	1	0	1	1
1155216701	2	2	2	1	1	1	2	0	1	0	1	0	1	0	2	1	2	2	0	1	1	1	1	1
1156206501	2	2	2	1	0	2	2	0	2	0	0	0	2	0	2	2	2	2	0	2	2	1	1	1
115700198	2	2	2	1	1	1	2	1	2	0	1	1	2	0	2	2	2	2	0	1	1	1	1	1
1157101101	2	2	2	1	1	1	2	3	2	2	1	1	0	1	0	2	2	2	2	1	1	1	1	1
1158102101	2	2	2	1	0	2	2	1	2	1	0	0	1	1	1	2	2	2	1	2	2	2	1	1
1159519001	2	2	2	1	1	1	2	2	2	1	1	2	1	0	1	2	2	2	1	1	1	0	1	1
1160534602	2	2	1	1	0	2	2	0	2	0	0	0	2	0	2	2	2	2	0	1	1	1	1	1
1161560701	2	2	2	1	2	0	2	2	2	1	2	2	1	1	1	2	2	2	1	1	1	1	0	1
1162610301	2	2	2	3	2	0	2	4	4	0	2	2	2	0	2	2	2	3	2	1	1	1	1	1
1163613101	2	2	2	1	1	1	2	0	1	0	1	0	2	0	2	2	2	2	0	1	1	0	1	1
1164621101	2	2	2	1	1	1	2	0	1	0	1	0	2	0	2	2	2	2	0	1	1	0	1	1
1165600901	2	2	2	1	0	2	2	0	2	0	0	0	2	0	2	2	2	2	0	1	1	1	0	1
1166506501	2	2	2	1	2	0	2	2	1	1	2	1	1	1	1	2	2	2	1	1	2	1	1	1
116724051	2	2	2	1	1	1	2	2	2	0	1	1	2	0	2	2	2	2	0	1	1	1	1	1
1167510101	2	2	1	1	2	0	2	1	1	0	2	1	2	0	2	2	2	2	0	2	2	0	1	1
1168514701	2	2	2	1	0	2	2	0	2	0	0	0	2	0	2	2	2	2	0	1	1	1	1	1
1169524101	2	2	2	1	0	2	2	0	2	0	0	0	2	0	2	2	2	2	0	1	1	0	1	1
1170503901	2	2	2	1	0	2	2	1	2	0	0	0	1	1	2	2	2	2	1	1	1	0	1	0
1171507301	2	2	2	1	0	2	2	0	2	0	0	0	2	0	2	2	2	2	0	2	2	1	1	1
1172507501	2	2	2	1	1	1	2	1	2	0	1	1	2	0	2	2	2	2	1	1	1	0	1	1
1174511301	2	2	2	1	1	1	2	1	2	0	1	1	2	0	2	2	2	2	0	2	1	1	1	1
1175511701	2	2	2	1	0	2	2	0	2	0	0	0	2	0	2	2	2	2	0	1	1	1	1	1
1176601101	2	2	2	1	2	0	2	1	1	0	2	1	2	0	2	2	2	2	0	2	1	1	1	1
117731031	2	2	2	1	1	1	2	2	2	1	1	1	1	1	2	2	2	2	1	2	1	1	1	1
1177609101	2	2	2	1	0	2	2	2	2	2	0	1	0	1	0	2	2	2	2	2	2	0	1	1
1178609102	2	2	2	3	0	2	2	2	2	1	0	1	1	1	1	2	2	2	2	1	1	0	1	1
1179619501	2	2	2	1	0	2	2	0	2	0	0	0	2	0	2	2	2	2	0	2	1	2	1	1
1180101501	2	2	2	1	0	2	2	0	2	0	0	0	2	0	2	2	2	2	0	2	2	0	1	1
11808031	2	2	2	1	0	2	2	0	2	0	0	0	2	0	2	2	2	2	0	1	2	1	1	1
1181107101	2	2	2	1	1	1	2	0	1	0	1	0	2	0	2	2	2	2	0	1	2	0	1	1
1183605501	2	2	2	1	1	1	2	1	2	0	1	1	2	0	2	2	2	2	0	1	1	1	1	1
118410051	2	2	2	1	2	0	2	1	1	0	2	1	2	0	2	2	2	2	0	2	2	0	1	1
1184611101	2	2	2	1	2	0	2	2	2	0	2	1	2	1	2	2	2	2	0	2	2	1	1	1
1185611601	2	2	2	1	0	2	2	1	2	1	0	0	1	1	1	2	2	2	1	2	1	1	1	0
1186600201	2	2	2	1	0	2	2	0	2	0	0	0	2	0	2	2	2	2	0	2	2	0	1	1
1187601202	2	2	2	1	1	1	2	1	1	1	1	1	1	0	1	2	2	2	1	1	2	0	0	1
1188124701	2	2	2	1	1	1	2	1	2	0	1	1	2	0	2	2	2	2	0	2	2	1	1	1
1189134901	2	2	2	1	0	2	2	0	2	0	0	0	2	0	2	2	2	2	0	1	1	0	1	1
1190114802	2	1	2	1	1	1	2	0	1	0	1	0	2	0	2	2	2	2	0	1	1	0	1	0
1191526001	2	2	2	1	1	1	2	2	2	1	1	1	1	1	1	2	2	2	1	1	2	0	1	1
119410052	2	2	2	1	1	1	2	0	1	0	1	0	2	0	2	2	2	2	0	1	1	0	1	0
1194402801	2	2	2	1	1	1	2	2	2	1	1	1	1	1	1	2	2	2	1	1	1	0	1	1
1195412401	2	2	2	1	1	1	2	1	2	0	1	1	2	0	2	2	2	2	0	1	1	0	1	1
1196421401	2	2	2	1	0	2	2	0	2	0	0	0	2	0	2	2	2	2	0	2	2	1	1	1
1197502501	2	2	2	1	1	1	2	1	2	0	1	1	2	0	2	2	2	2	0	1	2	1	1	1
1198546501	2	2	2	0	2	0	1	1	0	1	2	1	1	0	1	2	2	1	0	2	1	0	1	1
1199548101	2	2	2	1	0	2	2	2	2	2	0	1	0	1	0	2	2	2	2	1	1	0	1	1
1200535701	2	2	2	1	2	1	2	2	1	2	2	0	0	1	0	2	2	2	3	2	1	1	1	1
1201535702	2	2	2	1	0	2	2	1	2	1	0	0	1	1	2	2	2	2	1	2	1	1	1	1
1202536101	2	2	2	1	1	1	2	0	1	0	1	0	2	0	2	2	2	2	0	1	1	0	1	1
120416021	2	2	2	1	0	2	2	0	2	0	0	0	2	0	2	2	2	2	0	2	1	0	1	1
1204538102	2	2	2	1	0	2	2	0	2	0	0	0	2	0	2	2	2	2	0	1	1	1	0	0
1205554501	2	2	2	1	1	1	2	2	2	1	1	2	1	0	1	2	2	2	1	1	1	0	1	1
1206552501	2	2	2	1	0	2	2	1	2	1	0	0	1	1	1	2	2	2	1	2	1	0	1	1
1207301001	2	2	2	1	1	1	2	2	2	1	1	1	1	1	2	2	2	2	1	1	2	1	1	1
1208202601	2	2	2	1	0	2	2	0	2	0	0	0	2	0	2	2	2	2	0	1	2	1	1	1
1209209301	2	2	2	1	1	1	2	1	1	1	1	1	1	0	2	2	2	2	1	1	2	0	1	1
1210206401	2	2	2	1	1	1	2	0	1	0	1	0	2	0	2	2	2	2	0	2	2	0	1	1
1211205401	2	2	2	1	0	2	2	1	2	1	0	0	1	1	1	2	2	2	1	1	1	0	1	1
1212203001	2	2	2	1	1	1	1	1	1	1	1	0	1	1	1	2	2	1	0	1	1	1	1	1
1213208101	2	2	2	1	0	2	2	0	2	0	0	0	2	0	2	2	2	2	0	2	2	0	1	1
121418032	2	2	2	1	0	2	2	0	2	0	0	0	2	0	2	2	2	2	0	1	1	0	1	1
1214602101	2	2	2	1	0	2	2	0	2	0	0	0	2	0	2	2	2	2	0	2	1	1	1	1
1215630501	2	2	2	1	0	2	2	0	2	0	0	0	2	0	2	2	2	2	0	2	1	0	1	1
1216606101	2	2	2	1	1	1	2	0	1	0	1	0	2	0	2	2	2	2	0	1	1	0	1	1
1217612301	2	2	2	1	0	2	2	0	2	0	0	0	2	0	2	2	2	2	0	2	1	0	1	1
1218625501	2	2	2	1	1	1	2	1	2	0	1	1	2	0	2	2	2	2	0	2	1	1	1	1
1219602701	2	2	2	1	0	2	2	1	2	1	0	0	1	1	2	2	2	2	1	2	2	0	1	1
1220801701	2	2	2	1	1	1	2	1	2	0	1	1	2	0	2	2	2	2	1	1	2	0	1	1
1222818901	2	2	2	1	0	2	2	1	2	1	0	0	1	1	2	2	2	2	1	2	2	0	1	1
122309061	2	2	2	1	0	2	2	1	2	1	0	0	1	1	1	2	2	2	1	1	1	0	1	1
1223818501	2	2	2	1	0	2	2	0	2	0	0	0	2	0	2	2	2	2	0	1	1	0	1	1
1224835901	2	2	2	1	0	2	2	0	2	0	0	0	2	0	2	2	2	2	0	1	2	0	1	0
1226835501	2	2	2	1	1	1	2	1	2	0	1	1	2	0	2	2	2	2	0	1	1	0	1	1
1227828901	2	2	2	1	1	1	1	1	2	1	1	1	1	0	1	2	2	1	0	2	1	0	1	1
1228816501	2	2	2	1	0	2	2	0	2	0	0	0	2	0	2	2	2	2	0	2	2	1	1	1
1229509801	2	2	2	1	0	2	2	0	2	0	0	0	2	0	2	2	2	2	0	2	2	0	1	1
1230536501	2	2	2	1	0	2	2	0	2	0	0	0	2	0	2	2	2	2	0	2	1	1	1	1
1231532101	2	2	2	1	0	2	2	1	2	1	0	0	1	1	1	2	2	2	1	1	2	0	1	1
1232510901	2	2	2	1	1	1	2	0	1	0	1	0	2	0	2	2	2	2	0	1	2	1	1	1
123313091	2	2	2	1	0	2	2	0	2	0	0	0	2	0	2	2	2	2	0	1	1	1	1	1
1233501301	1	2	2	1	0	2	2	1	2	1	0	0	1	1	1	2	2	2	1	2	1	0	1	1
1235616502	2	2	2	1	0	2	2	0	2	0	0	0	2	0	2	2	2	2	0	2	1	0	1	1
1236209301	2	2	2	1	0	2	2	0	2	0	0	0	2	0	2	2	2	2	0	2	1	0	1	1
1237235701	2	2	2	1	0	2	2	0	2	0	0	0	2	0	2	2	2	2	0	1	1	0	1	0
1238224501	2	2	2	1	1	1	2	1	2	0	1	0	1	1	2	1	2	2	0	1	1	0	1	1
1239325901	2	2	2	1	1	1	1	1	1	1	1	0	1	1	1	2	2	1	0	1	1	0	1	1
1241322501	2	2	2	0	2	0	2	0	0	0	2	0	2	0	2	2	2	2	0	2	2	1	1	1
1242300101	2	2	2	1	0	2	2	0	2	0	0	0	2	0	2	2	2	2	0	1	2	0	1	1
124313101	2	2	2	1	0	2	2	0	2	0	0	0	2	0	2	2	2	2	0	2	2	0	1	1
1243300102	2	2	2	1	1	1	2	1	2	0	1	1	2	0	2	2	2	2	0	1	2	1	1	1
1244303302	2	2	2	1	1	1	2	0	1	0	1	0	2	0	2	2	2	2	0	1	1	1	0	1
1245314301	2	2	2	1	0	2	2	1	2	1	0	1	1	0	2	2	2	2	1	2	2	1	1	1
1246402801	2	2	2	1	2	0	2	3	2	1	2	2	1	1	2	2	2	2	2	2	2	1	1	1
1247403701	2	2	2	1	1	1	2	0	1	0	1	0	2	0	2	2	2	2	0	2	1	1	1	1
1248403701	2	2	2	1	0	2	2	1	2	1	0	0	1	1	1	2	2	2	1	1	1	1	1	1
1249232701	2	2	2	1	0	2	2	1	2	1	0	0	1	1	2	2	2	2	1	2	2	1	1	1
1250226501	2	2	2	1	0	2	2	0	2	0	0	0	2	0	2	2	2	2	0	1	1	0	1	1
1251233701	2	2	2	1	0	2	2	0	2	0	0	0	2	0	2	2	2	2	0	2	1	0	1	1
1252327301	2	2	2	1	0	2	2	0	2	0	0	0	2	0	2	2	2	2	0	2	2	1	1	1
125318061	2	2	2	1	0	2	2	1	2	1	0	0	1	1	2	2	2	2	1	2	2	0	1	1
1253306101	2	2	2	1	1	1	2	1	2	0	1	1	2	0	2	2	2	2	0	1	2	1	1	1
1254306102	2	2	2	1	0	2	2	0	2	0	0	0	2	0	2	2	2	2	0	2	2	0	1	1
1255325901	2	2	2	1	0	2	2	0	2	0	0	0	2	0	2	2	2	2	0	1	1	0	1	0
1257013101	2	2	2	1	1	1	2	2	2	1	1	2	1	0	1	2	2	2	1	1	1	1	1	1
1258529501	2	2	2	1	1	1	2	0	1	0	1	0	2	0	2	2	2	2	0	1	1	0	1	1
1261523701	2	2	2	1	0	2	2	0	2	0	0	0	2	0	2	2	2	2	0	1	1	0	1	0
1262524101	2	2	2	1	0	2	2	1	2	1	0	0	1	1	1	2	2	2	1	2	1	0	1	1
126322071	2	2	2	1	0	2	2	0	2	0	0	0	2	0	2	2	2	2	0	1	2	0	1	1
1263534501	2	2	2	1	0	2	2	1	2	1	0	1	1	0	1	2	2	2	1	1	1	1	1	1
1264618401	2	2	2	1	1	1	2	0	1	0	0	0	2	0	2	2	2	2	0	1	1	0	1	1
1265619701	2	2	2	1	1	1	2	1	2	0	1	1	2	0	2	2	2	2	0	2	2	1	1	1
1266700901	2	2	2	1	0	2	2	0	2	0	0	0	2	0	2	2	2	2	0	1	1	0	1	1
1267601501	2	2	2	1	0	2	2	0	2	0	0	0	2	0	2	2	2	2	0	1	1	0	1	1
1269611501	2	2	2	1	0	2	2	0	2	0	0	0	2	0	2	2	2	2	0	1	1	1	1	1
1270318701	2	2	2	1	1	1	2	1	2	0	1	0	2	1	2	2	2	2	0	2	2	0	1	1
1271304902	2	2	2	1	0	2	2	0	2	0	0	0	2	0	2	2	2	2	0	2	1	0	1	1
1272231301	2	2	2	1	0	2	2	0	2	0	0	0	2	0	2	2	2	2	0	1	2	1	1	1
1273214701	2	2	2	3	1	2	2	2	2	1	0	0	1	1	2	2	2	2	2	1	1	0	1	0
1274204501	2	2	2	1	0	2	2	1	2	1	0	0	1	1	2	2	2	2	1	2	1	1	1	1
1275529101	2	2	2	1	1	1	2	0	1	0	1	0	2	0	2	2	2	2	0	2	1	1	1	1
1277601601	2	2	2	1	0	2	2	2	2	2	0	2	0	0	0	2	2	2	2	2	1	1	0	1
1278601602	2	2	2	1	0	2	2	0	2	0	0	0	2	0	2	2	2	2	0	1	1	1	1	1
127923021	2	2	2	0	2	0	2	0	0	0	2	0	2	0	2	2	2	2	0	2	1	1	1	1
1279606101	2	1	2	1	0	2	2	0	2	0	0	0	2	0	2	2	2	2	0	1	1	1	1	1
1280605801	2	2	2	1	0	2	2	0	2	0	0	0	2	0	2	2	2	2	0	1	1	1	1	1
12813033	2	2	2	1	1	1	2	1	1	1	1	0	1	1	1	2	2	2	1	1	1	0	1	0
1281608201	2	2	2	1	2	0	2	1	1	0	2	0	2	1	2	2	2	2	0	1	1	0	1	1
1282622601	2	2	2	1	0	2	2	0	2	0	0	0	2	0	2	2	2	2	0	2	2	1	1	1
1283622602	2	2	2	1	0	2	2	0	2	0	0	0	2	0	2	2	2	2	0	2	1	0	1	1
1284314601	2	2	2	1	1	1	2	2	2	1	1	2	1	0	1	2	2	2	1	1	1	0	1	0
1285201401	2	2	2	1	1	1	2	1	2	0	1	1	2	0	2	2	2	2	0	1	1	1	1	1
1286518101	2	2	2	1	2	0	1	2	1	1	2	0	0	1	1	1	2	1	0	2	1	0	1	1
1287202101	2	2	2	1	0	2	2	0	2	0	0	0	2	0	2	2	2	2	0	1	1	1	1	0
1288305901	2	2	2	1	0	2	2	0	2	0	0	0	1	0	2	1	2	2	0	2	1	0	1	1
128909102	2	2	2	1	1	1	2	0	1	0	1	0	2	0	2	2	2	2	0	1	1	0	1	1
1292014101	2	2	2	1	0	2	2	1	2	1	0	0	1	1	1	2	2	2	1	1	2	0	1	1
1294003701	2	2	2	1	0	2	2	0	2	0	0	0	2	0	2	2	2	2	0	1	1	0	1	1
1295009501	2	2	2	1	1	1	2	0	1	0	1	0	2	0	2	2	2	2	0	2	1	1	1	1
1296010301	2	2	2	1	1	1	2	0	1	0	1	0	2	0	2	2	2	2	0	1	1	1	1	1
1297013901	2	2	2	1	2	0	2	2	1	2	2	2	0	1	0	2	2	2	2	1	1	0	1	0
1298019101	2	2	2	1	2	0	2	2	2	1	2	2	1	0	1	2	2	2	1	1	1	1	1	1
1299323301	2	2	2	0	2	0	2	1	0	1	2	1	1	0	2	2	2	2	1	2	2	0	1	1
1300308501	2	2	2	1	0	2	2	0	2	0	0	0	2	0	2	2	2	2	0	1	1	1	1	1
1301619901	2	2	2	1	1	1	2	2	2	1	1	1	1	1	1	2	2	2	1	1	1	1	1	0
1302824301	2	2	2	1	1	1	2	1	2	0	1	1	2	0	2	2	2	2	0	1	2	0	1	1
1303610901	2	2	2	1	1	1	2	2	2	1	1	1	1	1	1	2	2	2	1	2	2	0	1	1
1304510501	2	2	2	1	1	1	2	1	1	1	1	0	1	1	1	2	2	2	2	1	1	0	1	1
1305612401	2	2	2	1	1	1	2	1	2	0	1	0	1	1	2	2	2	2	0	2	2	1	1	1
1306837101	2	2	2	1	2	0	2	2	1	1	2	1	1	1	1	2	2	2	1	1	1	0	1	1
1307701101	2	2	2	1	1	1	2	1	2	0	1	1	2	0	2	2	2	2	0	1	1	0	0	0
130900253	2	2	2	1	0	2	2	1	2	1	0	0	1	1	1	2	2	2	1	2	2	0	1	1
1309534301	2	2	2	1	1	1	2	1	2	0	1	1	2	0	2	2	2	2	0	1	1	0	1	1
1310570901	2	2	2	1	0	2	2	0	2	0	0	0	2	0	2	2	2	2	0	2	1	0	0	1
1311000301	2	2	2	1	0	2	2	0	2	0	0	0	2	0	2	2	2	2	0	2	1	0	1	1
1312401501	2	2	2	1	0	2	2	1	2	1	0	0	2	1	2	2	2	2	1	2	1	0	1	1
1313411701	2	2	2	1	0	2	2	1	2	1	0	0	1	1	1	2	2	2	1	1	2	0	1	1
1314207601	2	2	2	1	1	1	2	0	2	0	1	0	2	0	2	2	2	2	0	1	1	0	0	1
1315510301	2	2	2	1	1	1	2	2	2	1	1	2	1	0	2	2	2	2	1	1	1	1	1	1
1316014101	2	2	2	1	0	2	2	0	2	0	0	0	2	0	2	2	2	2	0	1	1	1	0	1
1317223701	2	2	2	1	0	2	2	1	2	1	0	0	1	1	1	2	2	2	1	2	2	0	1	1
131909101	2	2	2	1	0	2	2	0	2	0	0	0	2	0	2	2	2	2	0	1	1	0	1	0
1319604602	2	2	2	1	0	1	2	1	2	1	1	0	1	1	1	2	2	2	1	2	1	1	1	1
1321617901	2	2	2	1	2	0	2	2	2	0	2	2	2	0	2	2	2	2	0	2	1	1	1	0
1322616701	2	2	2	1	0	2	2	0	2	0	0	0	2	0	2	2	2	2	0	2	2	0	1	1
1323600501	2	2	2	1	1	1	2	2	2	1	1	1	1	1	2	2	2	2	3	2	2	0	1	1
1324616101	2	2	2	1	0	2	2	0	2	0	0	0	2	0	2	2	2	2	0	2	2	0	1	1
1326613901	2	2	2	1	1	1	2	1	2	0	1	1	2	0	2	2	2	2	0	2	2	0	1	1
1328603701	2	2	2	1	0	2	2	1	2	1	0	1	1	0	1	2	2	2	1	2	1	0	1	1
132936052	2	2	2	1	1	1	2	2	2	1	1	2	1	0	1	2	2	2	1	2	1	0	1	1
1329603702	2	2	2	1	0	2	2	1	2	1	0	1	1	0	1	2	2	2	1	1	1	0	1	1
1330617501	2	2	2	1	0	2	2	1	2	1	0	0	1	1	1	2	2	2	1	1	1	0	1	1
1332703401	2	2	2	1	0	2	2	0	2	0	0	0	2	0	2	2	2	2	0	1	2	0	1	1
1333214001	2	2	2	1	0	2	2	0	2	0	0	0	2	0	2	2	2	2	0	1	2	0	1	1
1334717501	2	2	2	1	0	2	2	0	2	0	0	0	2	0	2	2	2	2	0	2	1	0	1	1
1335501701	2	2	2	1	0	2	2	0	2	0	0	0	2	0	2	2	2	2	0	1	1	1	1	1
1336507301	2	2	2	1	0	2	2	1	2	1	0	0	1	1	1	2	2	2	1	1	1	0	0	1
1337513301	2	2	2	1	0	1	1	1	1	1	1	0	1	1	1	2	2	1	0	2	1	0	1	0
1338519701	2	2	2	1	1	1	2	1	2	0	1	1	2	0	2	2	2	2	0	1	1	0	1	1
133918061	2	2	2	1	0	2	2	1	2	1	0	0	1	1	2	2	2	2	2	2	1	0	1	1
1339531301	2	2	2	1	0	2	2	1	2	1	0	0	1	1	1	2	2	2	1	1	1	0	1	1
1340826701	2	2	2	1	0	2	2	0	2	0	0	0	2	0	2	2	2	2	0	1	2	0	1	1
1341317021	2	2	2	1	1	1	2	1	1	1	1	0	1	1	2	2	2	2	1	2	2	0	1	1
1342817101	2	2	2	1	0	2	2	1	2	1	0	0	1	1	2	2	2	2	1	2	2	0	1	1
1343317022	2	2	2	1	0	2	2	1	2	0	0	1	2	0	2	2	2	2	0	2	2	0	1	1
1344203301	2	2	2	0	2	0	1	1	0	1	2	0	1	1	1	2	2	1	0	2	2	0	1	1
134901092	2	2	2	1	0	2	2	0	2	0	0	0	2	0	2	2	2	2	0	1	1	1	1	1
135901091	2	2	2	1	0	2	2	0	2	0	0	0	2	0	2	2	2	2	0	1	1	0	1	1
136923081	2	2	2	1	0	2	2	0	2	0	0	0	2	0	2	2	2	2	0	1	1	0	1	1
137701061	2	2	2	1	0	2	2	1	2	1	0	0	1	1	1	2	2	2	1	1	1	1	1	0
138106041	2	2	2	1	0	2	2	0	2	0	0	0	2	0	2	2	2	2	0	2	1	1	1	1
13813041	2	2	2	1	1	1	2	0	1	0	1	0	2	0	2	2	2	2	0	1	1	1	1	1
139111041	2	2	2	1	0	2	2	1	2	1	0	0	1	1	1	2	2	2	1	1	1	0	1	1
140706102	2	2	2	1	0	2	2	0	2	0	0	0	2	0	2	2	2	2	0	2	1	0	1	0
141707011	2	2	2	1	0	2	2	0	2	0	0	0	2	0	2	2	2	2	0	1	1	0	1	1
142707081	2	2	2	1	1	1	2	0	1	0	1	0	2	0	2	2	2	2	0	1	1	0	1	1
143709042	2	2	2	1	0	2	2	0	2	0	0	0	2	0	2	2	2	2	0	1	1	0	1	1
145709101	2	2	2	0	2	0	2	0	0	0	2	0	2	0	2	2	2	2	0	1	1	0	1	1
146509051	2	2	2	1	1	1	2	1	1	1	1	0	1	1	1	2	2	2	1	2	1	1	1	1
147213061	2	2	2	1	1	2	2	1	2	1	1	0	1	1	2	2	2	2	1	1	1	2	1	1
148213091	2	2	2	1	2	0	2	1	2	0	2	1	2	0	2	2	2	2	0	1	1	1	1	1
14833012	2	2	2	1	0	2	2	0	2	0	0	0	2	0	2	2	2	2	0	1	1	1	1	0
149213051	2	2	2	1	0	2	2	1	2	1	0	0	1	1	1	2	2	2	1	1	1	0	1	0
150228101	2	2	2	1	1	1	1	1	1	1	1	0	1	1	1	2	2	1	0	1	2	1	1	1
151228102	2	2	2	1	0	2	2	0	2	0	0	0	2	0	2	2	2	2	0	1	1	0	1	1
152206101	2	2	2	1	1	1	2	0	1	0	1	0	2	0	2	2	2	2	0	1	1	0	1	0
153206102	2	2	2	1	1	1	2	1	1	1	1	0	1	1	1	2	2	2	1	1	1	0	1	0
154224081	2	2	2	1	1	1	2	2	2	1	1	1	1	1	1	2	2	2	1	2	2	2	1	1
155224111	2	2	2	1	0	1	1	0	1	0	0	0	1	0	1	1	2	1	0	1	2	1	1	1
156202031	2	2	2	1	1	1	2	2	2	1	1	1	1	1	1	2	2	2	1	2	2	0	1	1
157610031	2	2	2	1	1	1	2	0	1	0	1	0	2	0	2	2	2	2	0	2	1	0	1	1
15843041	2	2	2	1	1	1	2	0	1	0	1	0	1	0	2	1	2	2	0	1	1	0	1	1
158718101	2	2	2	0	2	0	0	2	0	3	1	1	0	1	0	2	2	0	0	2	1	1	1	1
159210011	2	2	2	1	0	2	2	0	2	0	0	0	2	0	2	2	2	2	0	1	1	0	1	1
160230011	2	2	2	1	1	1	2	2	1	2	1	0	0	1	0	2	2	2	2	2	2	0	1	1
161230101	2	2	2	1	1	1	2	0	1	0	1	0	2	0	2	2	2	2	0	2	2	1	1	1
162910071	2	2	2	1	0	2	2	0	2	0	0	0	2	0	2	2	2	2	0	1	1	0	1	1
163910072	2	2	2	1	1	2	2	1	2	0	1	1	2	0	2	2	2	2	0	2	2	1	1	1
164919041	2	2	2	1	0	2	2	0	2	0	0	0	2	0	2	2	2	2	0	2	1	0	1	1
165919051	2	2	2	1	1	1	2	0	1	0	1	0	2	0	2	2	2	2	0	1	1	0	1	1
166919061	2	2	1	1	1	1	2	0	1	0	1	0	2	0	2	2	2	2	0	1	1	0	1	0
167919062	2	2	2	1	1	1	2	1	1	1	1	0	1	1	1	2	2	2	1	1	2	0	1	0
168921021	2	2	1	1	0	2	2	0	2	0	0	0	1	0	2	1	2	2	0	1	1	0	1	1
16907052	1	1	1	1	0	2	2	0	2	0	0	0	2	0	2	2	2	2	0	1	1	0	1	0
169640071	2	2	2	1	0	2	2	0	2	0	0	0	2	0	2	2	2	2	0	1	1	0	1	0
170918061	2	2	2	1	0	2	2	0	2	0	0	0	2	0	2	2	2	2	0	2	1	1	1	1
172901102	2	2	2	1	0	2	2	0	2	0	0	0	2	0	2	2	2	2	0	1	1	1	0	0
174003031	2	2	2	1	1	1	1	1	1	1	1	0	1	1	1	2	2	1	0	1	1	0	1	0
175020072	2	2	2	1	1	1	2	1	2	0	1	1	2	0	2	2	2	2	0	1	2	1	1	1
177023091	2	1	2	1	1	1	2	0	1	0	1	0	1	0	2	2	2	2	0	1	1	0	0	0
178718051	2	2	2	1	2	0	2	2	2	1	2	2	1	0	1	2	2	2	1	2	1	0	1	1
17912032	2	2	2	1	2	0	2	1	1	0	2	0	1	1	2	1	2	2	0	2	1	0	1	1
179800101	2	2	2	1	0	1	2	1	1	1	1	0	1	1	2	2	2	2	1	2	2	0	1	1
180806071	2	2	2	1	0	2	2	0	2	0	0	0	2	0	2	2	2	2	0	2	1	0	1	1
181806072	2	2	2	1	0	1	2	2	2	0	1	0	2	1	2	2	2	2	0	1	1	0	1	1
182806101	2	2	2	1	1	1	2	2	2	1	1	2	1	0	1	2	2	2	1	2	1	1	0	1
183810061	2	2	1	1	2	0	2	4	2	1	2	3	0	0	0	2	2	2	2	1	1	0	1	1
184817091	2	2	2	1	0	2	2	0	2	0	0	0	2	0	2	2	2	2	0	1	1	0	1	1
185706052	2	2	2	1	1	1	1	1	1	1	1	0	1	1	1	2	2	1	0	2	1	0	1	1
186905062	2	2	2	1	0	2	2	1	2	1	0	0	1	1	1	2	2	2	1	1	1	0	1	1
187914081	2	2	2	1	0	2	2	0	2	0	0	0	2	0	2	2	2	2	0	1	1	0	1	1
188711071	2	2	2	0	2	0	2	1	0	1	2	0	1	1	1	2	2	2	1	1	1	0	1	1
18912051	2	2	2	1	0	2	2	0	2	0	0	0	2	0	2	2	2	2	0	1	1	1	1	1
189711051	2	2	2	1	2	0	2	2	2	0	2	2	1	0	2	1	2	2	0	2	1	0	1	1
190731091	2	2	2	1	1	1	2	1	2	0	1	1	2	0	2	2	2	2	0	2	1	1	1	1
191735081	2	2	2	1	1	1	1	1	1	1	1	0	1	1	1	2	2	1	0	1	1	1	1	1
192723061	2	2	2	1	0	3	2	0	2	0	0	0	2	0	2	2	2	2	0	2	2	0	1	1
19309051	2	2	2	1	0	2	2	0	2	0	0	0	2	0	2	2	2	2	0	1	1	0	1	1
193200178	2	2	2	1	0	2	2	1	2	1	0	0	1	1	1	2	2	2	1	2	1	0	1	1
194211031	2	2	2	1	2	0	2	2	2	0	2	2	2	0	2	2	2	2	0	1	1	0	1	1
195211032	2	2	2	1	1	1	2	1	2	0	0	0	1	1	2	1	2	2	0	1	1	0	1	0
196216032	2	2	2	1	1	1	2	2	2	1	1	2	1	0	1	2	2	2	1	1	1	1	1	0
197226051	2	2	2	0	1	2	2	0	1	1	1	0	1	0	1	2	2	1	0	2	1	0	0	0
198305011	2	2	2	1	0	2	2	0	2	0	0	0	2	0	2	2	2	2	0	1	1	0	1	1
201320081	2	2	2	1	1	0	2	1	1	1	1	0	1	1	1	2	2	2	1	2	1	1	1	1
202320082	2	2	2	1	2	0	2	2	1	1	2	1	1	1	2	2	2	2	1	1	1	0	1	1
203323011	2	2	2	1	1	1	2	2	2	1	1	2	1	0	1	2	2	2	1	1	1	1	1	1
204327071	2	2	2	1	1	1	2	2	2	1	1	1	1	0	1	2	2	2	1	1	1	1	1	1
205300083	2	2	2	1	0	2	2	0	2	0	0	0	2	0	2	2	2	2	0	1	1	0	1	0
206701082	2	2	2	1	0	2	2	0	2	0	0	0	2	0	2	2	2	2	0	1	1	0	1	1
207701083	2	2	2	1	0	2	2	0	2	0	0	0	2	0	2	2	2	2	0	1	1	0	1	1
208320012	2	2	2	1	0	2	2	1	2	0	0	0	2	1	2	2	2	2	0	1	2	0	1	0
209320091	2	2	2	1	1	1	2	0	1	0	1	0	2	0	2	2	2	2	0	2	2	1	1	1
210322011	2	2	2	1	1	1	2	0	1	0	1	0	2	0	2	2	2	2	0	2	2	0	1	0
210800010	2	2	2	1	0	2	2	1	2	1	0	0	1	1	1	2	2	2	1	1	1	1	1	1
210800011	2	2	2	1	0	2	2	1	2	1	0	0	1	1	1	2	2	2	1	2	1	0	1	0
210800012	1	2	2	1	1	1	2	0	1	0	1	0	2	0	2	2	2	2	0	1	1	0	1	1
210800013	2	2	2	1	1	1	2	2	2	1	1	1	1	1	1	2	2	2	1	2	1	1	1	1
210800014	2	2	2	1	0	2	2	0	2	0	0	0	2	0	2	2	2	2	0	1	2	0	0	0
210800015	2	2	2	1	2	0	2	2	2	0	2	2	2	0	2	2	2	2	0	2	2	0	1	1
210800016	2	2	2	1	1	1	2	0	1	0	1	0	2	0	2	2	2	2	0	1	1	0	1	1
210800017	2	2	2	1	1	1	2	2	2	1	1	1	1	1	2	2	2	2	1	2	2	0	1	1
210800018	2	2	2	1	0	2	2	1	2	1	0	0	1	1	1	2	2	2	1	1	2	0	1	1
210800019	2	2	2	1	1	1	2	1	2	0	1	1	2	0	2	2	2	2	0	2	2	1	1	1
210800020	2	2	2	1	1	1	2	0	1	0	1	0	2	0	2	2	2	2	0	2	2	1	1	1
210800021	2	2	2	1	0	2	2	0	2	0	0	0	2	0	2	2	2	2	0	1	1	0	1	0
210800022	2	2	2	1	0	2	2	1	2	1	0	0	1	1	1	2	2	2	1	1	1	0	1	1
210800023	2	2	2	1	1	1	2	1	2	0	1	1	2	0	2	2	2	2	0	2	1	1	0	1
210800024	2	2	2	1	2	0	2	2	2	1	2	2	1	1	1	2	2	2	1	1	1	1	1	1
210800025	2	2	2	1	1	1	2	1	1	1	1	0	1	1	1	2	2	2	1	1	2	0	1	1
210800026	2	2	2	1	1	1	2	1	1	1	1	0	1	1	1	2	2	2	1	1	2	0	1	0
210800027	2	2	2	1	0	2	2	0	2	0	0	0	2	0	2	2	2	2	0	2	1	0	1	1
210800028	2	2	2	1	0	2	2	1	2	1	0	0	1	1	1	2	2	2	1	1	1	0	1	1
210800029	2	2	2	1	0	2	2	0	2	0	0	0	2	0	2	2	2	2	0	2	1	0	1	1
210800030	2	2	2	1	0	2	2	1	2	1	0	0	1	1	1	2	2	2	1	2	2	0	1	1
210800031	2	2	2	1	1	1	2	0	1	0	1	0	2	0	2	2	2	2	0	1	1	0	1	1
210800032	2	2	2	1	0	2	2	0	2	0	0	0	2	0	2	2	2	2	0	1	2	0	1	0
210800033	2	1	2	1	1	1	2	0	1	0	1	0	2	0	2	2	2	2	0	1	1	1	1	0
210800034	2	2	2	1	1	1	2	1	2	0	1	1	2	0	2	2	2	2	0	1	1	0	1	0
210800035	2	2	2	1	1	1	2	2	2	1	1	1	1	1	1	2	2	2	1	1	1	0	1	1
210800036	2	2	2	1	1	1	2	1	1	1	2	0	1	1	2	2	2	2	1	2	1	1	1	1
210800037	2	2	2	1	1	1	2	0	1	0	1	0	2	0	2	2	2	2	0	1	1	1	1	0
210800038	2	2	2	1	0	2	2	1	2	1	0	0	1	1	1	2	2	2	1	1	1	1	0	0
210800039	2	2	2	1	0	2	2	1	2	1	0	1	1	0	2	2	2	2	1	2	1	1	1	1
210800040	2	2	2	1	1	1	2	0	1	0	1	0	2	0	2	2	2	2	0	1	1	0	1	1
210800041	2	2	2	1	2	0	2	2	2	1	2	2	1	0	1	2	2	2	2	1	1	1	1	1
210800042	2	2	2	1	1	1	2	2	2	1	1	2	1	0	1	2	2	2	1	2	1	0	1	1
210800043	2	2	2	0	2	0	2	1	0	1	2	1	1	0	1	2	2	2	1	1	1	0	1	1
210800044	2	2	2	1	1	1	2	2	2	2	1	2	0	1	0	2	2	2	2	1	1	0	0	0
210800045	2	2	2	1	0	2	2	0	2	0	0	0	2	0	2	2	2	2	0	2	1	0	1	1
210800046	2	2	2	1	1	1	2	1	1	1	1	0	1	1	1	2	2	2	1	1	1	1	1	1
210800047	2	2	2	1	0	2	2	1	2	1	0	0	1	1	1	2	2	2	1	1	1	0	1	0
210800048	2	2	2	1	1	1	2	1	1	1	1	0	1	1	1	2	2	2	1	1	1	1	1	1
210800049	2	2	2	1	1	1	2	2	2	1	1	2	1	0	2	2	2	2	1	1	1	0	1	1
210800050	2	2	2	1	0	2	2	1	2	1	0	0	1	1	1	2	2	2	1	2	1	0	1	0
210800051	2	2	2	1	0	2	2	0	2	0	0	0	2	0	2	2	2	2	0	2	2	1	1	1
210800052	2	2	2	1	0	2	2	0	2	0	0	0	2	0	2	2	2	2	0	1	1	1	1	1
210800053	2	2	2	1	0	2	2	1	2	1	0	0	1	1	1	2	2	2	1	1	2	1	1	1
210800054	2	2	2	1	0	2	2	0	2	0	0	0	2	0	2	2	2	2	0	2	1	0	1	1
210800055	2	2	2	3	1	1	2	2	2	1	1	2	1	1	2	2	2	2	2	1	1	1	1	1
210800056	2	2	2	1	1	1	2	0	1	0	1	0	2	0	2	2	2	2	0	1	1	1	0	1
210800057	2	2	2	1	0	2	2	0	2	0	0	0	2	0	2	2	2	2	0	1	1	1	1	1
210800058	2	2	2	1	0	2	2	0	2	0	0	0	2	0	2	2	2	2	0	1	1	1	1	1
210800059	2	2	2	1	1	1	2	0	1	0	1	0	2	0	2	2	2	2	0	1	1	0	1	1
210800060	2	2	2	1	0	2	2	0	2	0	0	0	2	0	2	2	2	2	0	2	1	0	1	1
210800061	2	2	2	1	0	2	2	0	2	0	0	0	2	0	2	2	2	2	0	1	1	0	1	1
210800062	2	2	2	1	1	1	2	1	2	0	1	1	2	0	2	2	2	2	0	1	1	0	1	1
210800063	2	2	2	1	1	1	2	0	1	0	1	0	2	0	2	2	2	2	0	1	1	0	1	1
210800064	2	2	2	1	1	1	2	1	1	1	1	0	1	1	2	2	2	2	1	1	1	0	1	0
210800065	2	2	2	1	0	2	2	0	2	0	0	0	2	0	2	2	2	2	0	1	1	0	1	1
210800066	2	2	2	1	1	1	2	2	2	1	1	2	1	0	1	2	2	2	1	1	1	0	1	1
210800067	2	2	2	1	1	1	2	0	1	0	1	0	2	0	2	2	2	2	0	2	1	0	1	1
210800070	2	2	2	1	2	0	2	1	1	0	2	1	2	0	2	2	2	2	0	2	1	0	1	1
210800071	2	2	2	1	1	1	2	1	2	0	1	1	2	0	2	2	2	2	0	1	2	1	1	1
210800072	2	2	2	1	0	2	2	0	2	0	0	0	2	0	2	2	2	2	0	1	1	1	1	1
210800073	2	2	2	1	0	2	2	1	2	1	0	1	1	0	2	2	2	2	1	2	1	1	1	1
210800074	2	2	2	1	1	1	2	1	2	0	1	1	2	0	2	2	2	2	0	1	1	1	1	1
210800075	2	2	2	1	0	2	2	1	2	1	0	0	1	1	1	2	2	2	1	1	1	1	1	1
210800076	2	2	2	1	0	2	2	0	2	0	0	0	2	0	2	2	2	2	0	1	1	0	1	1
210800077	2	2	2	1	0	2	2	0	2	0	0	0	2	0	2	2	2	2	0	2	2	0	1	1
210800078	2	2	2	1	0	2	2	1	2	1	0	0	1	1	1	2	2	2	1	1	1	0	1	1
210800079	2	2	2	1	2	0	2	4	2	2	2	2	0	0	0	2	2	2	2	1	2	1	1	0
210800081	2	2	2	0	2	0	1	1	0	1	2	0	1	1	1	2	2	1	0	2	2	0	1	1
210800082	2	2	2	1	1	1	2	1	2	0	1	1	2	0	2	2	2	2	0	2	2	0	1	1
210800083	1	1	1	1	0	2	2	0	2	0	0	0	2	0	2	2	2	2	0	1	1	0	0	0
210800084	2	2	2	1	1	1	2	1	1	1	1	0	1	1	2	2	2	2	1	1	2	1	1	1
210800085	2	2	2	1	1	1	2	0	1	0	1	0	2	0	2	2	2	2	0	1	1	0	1	1
210800086	2	2	2	1	0	2	2	0	2	0	0	0	2	0	2	2	2	2	0	1	1	0	1	1
210800087	2	2	2	1	1	1	2	2	2	1	1	1	1	1	1	2	2	2	1	2	1	0	1	1
210800088	2	2	2	1	0	2	2	0	2	0	0	0	2	0	2	2	2	2	0	2	1	0	1	1
210800089	2	2	2	1	1	1	2	1	1	1	1	0	1	1	2	2	2	2	1	1	1	0	1	0
210800091	2	2	2	1	2	0	2	2	2	1	2	2	1	0	1	2	2	2	1	1	1	0	1	1
210800092	2	2	2	1	0	2	2	0	2	0	0	0	2	0	2	2	2	2	0	1	1	0	1	1
210800093	2	2	2	1	1	1	1	1	1	1	1	0	1	1	1	2	2	1	0	1	2	1	1	1
210800094	2	2	2	1	0	2	2	0	2	0	0	0	2	0	2	2	2	2	0	1	1	0	0	0
210800095	2	2	2	1	1	1	2	1	2	0	1	1	2	0	2	2	2	2	0	1	1	0	1	1
210800100	2	2	2	1	1	1	2	1	1	1	1	0	1	1	1	2	2	2	1	1	1	0	1	1
210800101	2	2	2	1	1	1	2	1	1	1	1	0	1	1	2	2	2	2	1	1	2	1	1	1
210800103	2	2	2	1	2	0	2	1	1	0	2	1	2	0	2	2	2	2	0	2	1	1	1	1
210800104	2	2	2	1	1	1	2	1	2	0	1	1	2	0	2	2	2	2	0	1	1	1	1	1
210800105	2	2	2	1	0	2	2	0	2	0	0	0	2	0	2	2	2	2	0	1	1	0	1	1
210800106	2	2	2	1	1	1	2	2	2	1	1	1	1	1	2	2	2	2	2	2	1	1	1	1
210800107	2	2	2	1	0	2	2	0	2	0	0	0	2	0	2	2	2	2	0	2	1	0	0	1
210800108	2	2	2	1	0	2	2	1	2	1	0	0	1	1	1	2	2	2	1	1	1	1	1	1
210800109	2	2	2	1	0	2	2	0	2	0	0	0	2	0	2	2	2	2	0	1	1	0	1	1
210800110	3	2	2	1	1	1	2	2	2	1	1	1	1	1	2	2	2	2	1	2	1	0	1	1
210800111	2	2	2	1	1	1	2	2	2	1	1	2	1	0	1	2	2	2	1	1	1	0	0	0
210800112	2	2	2	1	1	1	2	0	1	0	1	0	2	0	2	2	2	2	0	1	1	1	1	0
210800114	2	2	2	1	1	1	2	2	2	1	1	1	1	1	1	2	2	2	1	2	2	0	1	1
210800115	2	2	2	1	2	0	2	2	2	0	2	2	2	0	2	2	2	2	0	1	1	0	1	1
210800116	2	2	2	1	1	1	2	0	1	0	1	0	2	0	2	2	2	2	0	2	2	1	1	1
210800117	2	2	2	1	2	1	2	2	1	2	1	0	0	1	0	2	2	2	3	1	1	1	1	0
210800118	2	2	2	1	2	0	2	2	1	1	2	1	1	1	2	2	2	2	2	1	1	0	0	0
210800119	2	2	1	0	2	0	2	0	0	0	2	0	2	0	2	2	2	2	0	1	1	0	0	0
210800120	2	2	2	1	0	2	2	0	2	0	0	0	2	0	2	2	2	2	0	1	1	0	0	1
210800122	2	2	2	1	0	1	2	1	2	1	1	0	1	1	1	2	2	2	1	2	1	0	0	1
210800123	2	2	2	1	0	2	2	0	2	0	0	0	2	0	2	2	2	2	0	2	1	0	1	1
210800125	2	2	2	1	1	1	2	2	2	1	1	2	1	0	1	2	2	2	1	1	1	1	0	0
210800126	2	2	1	1	1	1	2	1	1	1	1	0	1	1	1	2	2	2	1	1	1	0	1	1
210800127	2	2	2	1	1	1	2	0	1	0	1	0	2	0	2	2	2	2	0	1	2	1	1	1
210800128	2	2	2	1	1	1	2	1	1	1	1	0	1	1	1	2	2	2	1	1	1	0	1	0
210800129	2	2	2	1	1	1	2	1	1	1	1	0	1	1	1	2	2	2	1	2	1	1	1	1
210800130	2	2	2	1	1	1	2	2	2	2	1	2	0	1	0	2	2	2	2	2	2	0	1	0
210800133	2	2	2	1	1	1	2	1	2	0	1	1	2	0	2	2	2	2	0	1	2	1	1	1
210800134	2	2	2	1	1	1	2	1	1	1	1	1	1	0	1	2	2	2	1	1	1	0	1	1
210800135	2	2	2	1	0	2	2	0	2	0	0	0	2	0	2	2	2	2	0	2	1	1	1	1
210800136	2	2	2	1	2	0	3	2	1	1	2	1	1	1	2	2	2	3	3	1	1	0	1	1
210800137	2	2	2	0	2	0	2	1	0	1	1	0	1	1	1	2	2	2	1	1	1	0	0	1
210800138	2	2	2	1	1	1	2	2	2	1	1	2	1	0	1	2	2	2	1	1	1	2	1	1
210800139	2	2	2	1	1	1	2	0	1	0	1	0	2	0	2	2	2	2	0	1	1	0	0	0
210800140	2	2	2	1	0	2	2	0	2	0	0	0	2	0	2	2	2	2	0	1	1	0	1	0
210800141	2	2	2	1	0	2	2	0	2	0	0	0	2	0	2	2	2	2	0	1	1	0	1	1
210800142	2	2	2	1	0	2	2	1	2	1	0	0	1	1	2	2	2	2	1	2	1	0	1	1
210807000	2	2	2	1	1	1	2	0	1	0	1	0	2	0	2	2	2	2	0	1	1	0	1	1
210808000	2	2	2	1	0	2	2	0	2	0	0	0	2	0	2	2	2	2	0	2	1	0	1	1
210809000	2	2	2	1	1	1	2	1	2	0	1	1	2	0	2	2	2	2	0	1	1	1	1	1
211322012	2	2	2	1	0	1	2	1	2	1	1	0	1	1	1	2	2	2	1	1	1	0	1	1
212716041	2	2	2	1	1	1	2	1	2	0	1	1	2	0	2	2	2	2	0	1	1	1	1	1
21309053	2	2	2	1	0	2	2	1	2	1	0	1	1	0	1	2	2	2	1	1	2	1	1	1
213720091	2	2	2	1	0	2	2	0	2	0	0	0	2	0	2	2	2	2	0	1	1	0	1	1
214709101	2	2	2	1	0	2	2	0	2	0	0	0	2	0	2	2	2	2	0	1	1	0	1	1
215712101	2	2	1	1	1	1	2	1	2	0	1	1	2	0	2	2	2	1	0	1	1	0	0	0
216211041	2	2	2	1	0	2	2	1	2	1	0	0	1	1	1	2	2	2	1	1	1	0	1	0
217211042	2	2	2	0	2	0	2	0	0	0	2	0	2	0	2	2	2	2	0	2	1	0	1	1
218208091	2	2	1	1	1	1	2	1	1	1	1	0	1	1	1	2	2	2	1	1	1	0	1	1
219208092	2	2	2	1	2	0	2	2	2	1	2	2	1	1	1	2	2	2	1	1	2	1	1	1
220211091	2	2	2	1	1	1	2	2	2	1	1	2	1	0	1	2	2	2	1	1	2	0	1	1
221409101	2	2	2	1	0	2	2	1	2	1	0	0	1	1	1	2	2	2	1	2	1	0	1	1
222409102	2	2	2	1	0	2	2	0	2	0	0	0	2	0	2	2	2	2	0	2	2	1	1	1
22309072	2	2	2	1	0	2	2	0	2	0	0	0	2	0	2	2	2	2	0	1	1	0	1	0
224309081	2	2	2	1	1	1	2	1	2	0	1	1	2	0	2	2	2	2	0	2	2	0	1	1
225204032	2	2	2	1	1	1	2	1	2	0	1	1	2	0	2	2	2	2	0	1	1	0	1	1
226505041	2	2	2	1	1	1	2	2	2	1	1	2	1	0	1	2	2	2	1	1	1	1	1	1
227708102	2	2	2	1	0	2	2	0	2	0	0	0	2	0	2	2	2	2	0	1	1	1	1	1
228901052	2	2	2	1	1	1	2	0	1	0	1	0	1	0	2	1	2	2	0	1	1	1	1	1
229727101	2	2	2	1	0	2	2	0	2	0	0	0	2	0	2	2	2	2	0	1	1	0	1	0
230727081	2	2	2	3	0	2	2	2	2	1	0	1	1	1	2	2	2	2	2	1	1	0	0	1
231904021	2	2	2	1	1	1	2	1	2	0	1	1	2	0	2	2	2	2	0	1	2	0	1	1
232503031	2	2	2	1	0	2	2	1	2	1	0	0	1	1	1	2	2	2	1	1	2	0	1	1
23312012	2	2	2	1	0	2	2	1	2	1	0	0	1	1	2	2	2	2	1	2	2	0	1	1
233435041	2	2	2	1	0	2	2	0	2	0	0	0	2	0	2	2	2	2	0	2	2	0	1	1
234435042	2	2	2	1	1	1	2	1	1	1	1	0	1	1	1	2	2	2	1	1	1	0	1	1
235414031	2	2	2	1	0	2	2	0	2	0	0	0	2	0	2	2	2	2	0	2	2	1	1	1
236414032	2	2	2	1	1	1	2	0	1	0	1	0	2	0	2	2	2	2	0	1	2	0	1	1
237218082	2	2	2	1	0	2	2	1	2	1	0	1	1	0	2	2	2	2	1	2	2	0	1	1
238218081	2	2	2	1	0	2	2	2	2	2	0	0	0	1	0	2	2	2	2	1	2	1	1	1
239601011	2	2	2	1	1	1	2	1	1	1	1	0	1	1	1	2	2	2	1	1	2	0	1	1
240601021	2	2	2	1	0	2	2	1	2	1	0	0	1	1	1	2	2	2	1	1	1	0	1	1
241601031	2	2	2	1	1	1	2	1	2	0	0	0	2	1	2	2	2	2	0	2	1	0	1	1
242605081	2	2	2	1	0	2	2	0	2	0	0	0	2	0	2	2	2	2	0	1	1	1	1	1
24312081	2	2	2	1	1	1	2	1	2	0	1	1	2	0	2	2	2	2	0	1	2	0	1	1
243607091	2	2	2	1	1	1	2	2	2	1	1	1	1	0	1	2	2	2	1	1	1	0	1	0
244604061	2	2	2	1	0	2	2	0	2	0	0	0	2	0	2	2	2	2	0	1	1	1	1	1
245309062	2	2	2	1	0	2	2	0	2	0	0	0	2	0	2	2	2	2	0	1	1	1	0	1
246323051	2	2	2	1	0	2	2	0	2	0	0	0	2	0	2	2	2	2	0	1	1	1	1	1
247327031	2	2	2	1	0	2	2	0	2	0	0	0	2	0	2	2	2	2	0	1	1	1	1	1
248200128	2	2	2	1	0	2	2	1	2	1	0	0	1	1	1	2	2	2	1	1	2	0	1	1
250214101	2	2	2	1	2	0	2	1	1	0	2	1	2	0	2	2	2	2	1	2	1	0	1	0
251226081	2	2	2	0	1	0	2	0	0	0	2	0	2	0	2	2	2	2	0	1	1	0	1	1
252900011	2	2	2	1	2	0	2	1	1	0	2	1	2	0	2	2	2	2	0	1	2	0	1	1
25312101	2	2	2	1	2	0	2	2	1	1	2	1	1	1	2	2	2	2	1	2	1	2	1	1
253900058	2	2	2	1	2	0	2	1	1	0	2	1	2	0	2	2	2	2	0	1	2	0	1	1
254911101	2	2	2	1	0	2	2	1	2	1	0	0	1	1	1	2	2	2	1	1	1	0	1	0
256801011	2	2	2	1	0	2	2	0	2	0	0	0	2	0	2	2	2	2	0	1	1	1	1	1
257801021	2	2	1	1	1	1	2	0	1	0	1	0	2	0	2	2	2	2	0	1	1	0	1	1
258801022	2	2	2	1	0	1	2	1	2	0	1	1	2	0	2	2	2	2	0	1	1	0	1	0
259801031	2	2	2	1	0	2	2	0	2	0	0	0	2	0	2	2	2	2	0	1	1	0	1	1
260803041	2	2	2	1	0	2	2	0	2	0	0	0	2	0	2	2	2	2	0	1	1	1	1	1
261805051	1	2	2	1	1	1	2	0	1	0	1	0	2	0	2	2	2	2	0	2	1	1	1	1
262805052	2	2	2	1	1	1	2	2	1	1	1	0	0	1	0	2	2	2	2	1	2	0	0	1
26312102	2	2	2	1	1	1	1	1	2	1	1	1	1	0	1	1	2	1	0	1	1	0	1	1
263805061	2	2	2	1	1	1	2	1	2	0	1	1	2	0	2	2	2	2	0	1	1	1	1	1
264812071	2	2	2	1	0	2	2	1	2	1	0	0	1	1	1	2	2	2	1	1	1	0	1	1
265812072	2	2	2	1	0	2	2	2	2	2	0	1	0	1	0	2	2	2	2	1	1	0	1	1
266102011	2	2	2	1	1	1	2	1	2	0	1	1	2	0	2	2	2	2	0	1	2	0	1	1
267102051	2	2	2	1	1	1	2	1	1	1	1	0	1	1	2	2	2	2	1	1	2	0	1	1
268101011	2	2	2	1	0	2	2	0	2	0	0	0	2	0	2	2	2	2	0	2	2	0	1	1
269102031	2	2	2	1	2	0	2	2	2	0	2	2	2	0	2	2	2	2	0	2	1	0	1	0
270103041	2	2	2	1	0	2	2	1	2	1	0	0	1	1	2	2	2	2	1	2	1	1	1	1
271110101	2	2	2	1	1	1	2	0	1	0	1	0	2	0	2	2	2	2	0	1	1	0	0	1
272106071	2	2	2	1	1	1	2	2	2	1	1	2	1	0	1	2	2	2	1	1	1	1	1	1
273106111	2	2	2	1	0	2	2	2	2	2	0	0	0	1	0	2	2	2	2	2	1	0	1	1
27319021	2	2	2	1	0	2	2	1	2	0	0	0	2	1	2	2	2	2	0	1	1	0	0	1
274105051	2	2	2	1	1	1	2	1	2	0	1	1	2	0	2	2	2	2	0	2	2	0	1	1
275108081	2	2	2	1	0	2	2	1	2	1	0	0	1	1	1	2	2	2	1	2	2	0	1	1
276110121	2	2	2	1	0	2	2	0	2	0	0	0	2	0	2	2	2	2	0	1	1	1	1	1
277101021	2	2	2	3	0	2	2	2	2	1	0	1	1	1	2	2	2	2	2	2	2	1	1	1
278900185	2	2	2	1	1	1	2	1	2	0	1	1	2	0	2	2	2	2	0	1	1	1	1	1
279902091	2	2	2	1	1	2	2	1	1	1	1	0	1	1	2	2	2	2	1	2	2	0	1	1
280905041	1	2	1	1	0	2	2	0	2	0	0	0	2	0	2	2	2	2	0	1	1	0	0	0
282916071	2	2	2	1	1	1	2	2	2	1	1	1	1	1	1	2	2	2	1	2	1	0	1	1
28326021	2	2	2	1	0	2	2	1	2	1	0	0	1	1	1	2	2	2	1	1	2	0	1	1
283910031	2	2	2	1	1	1	2	1	2	0	1	1	2	0	2	2	2	2	0	1	1	1	1	0
284626051	2	2	2	1	1	1	2	1	1	0	1	1	2	0	2	2	2	2	0	1	1	1	1	1
285626052	2	2	2	1	0	2	2	0	2	0	0	0	2	0	2	2	2	2	0	2	1	1	1	1
286647051	2	2	2	1	1	1	2	0	1	0	1	0	2	0	2	2	2	2	0	1	1	1	1	1
288920032	2	2	2	1	1	1	2	1	2	0	1	1	2	0	2	2	2	2	0	1	1	0	1	1
289911091	2	2	2	1	1	1	2	2	2	1	1	1	1	1	1	2	2	2	1	1	1	0	1	0
290907011	2	2	2	1	0	2	2	0	2	0	0	0	2	0	2	2	2	2	0	2	1	0	1	1
291903092	2	2	2	1	0	1	2	1	2	1	1	0	1	1	2	2	2	2	1	2	1	0	1	1
292903042	2	2	2	1	0	2	2	1	2	1	0	0	1	1	2	2	2	2	1	2	2	1	1	1
293900060	2	2	2	1	0	2	2	1	2	1	0	0	1	1	1	2	2	2	1	1	1	0	1	1
294309021	2	2	2	1	2	0	2	2	2	1	2	2	1	0	2	2	2	2	1	1	1	0	1	1
295309041	2	2	2	1	1	1	2	1	1	1	1	0	1	1	2	2	2	2	1	1	2	0	1	1
296309042	2	2	2	1	1	1	2	1	2	0	1	1	2	0	2	2	2	2	0	1	1	0	1	1
297100011	2	2	2	1	0	2	2	1	2	1	0	0	1	1	1	2	2	2	1	1	1	0	1	0
298100021	2	2	2	1	0	2	2	0	2	0	0	0	2	0	2	2	2	2	0	1	1	0	1	1
299100051	2	2	2	1	2	0	2	1	1	0	2	1	2	0	2	2	2	2	0	1	1	0	1	1
300100061	2	2	2	1	1	1	2	1	2	0	1	1	2	0	2	2	2	2	0	1	1	0	1	0
302100071	2	2	2	1	1	1	2	2	2	1	1	1	1	1	1	2	2	2	1	1	1	0	1	1
303100081	2	2	2	1	2	0	2	1	1	0	2	1	2	0	2	2	2	2	0	1	1	0	1	1
304100101	2	2	2	1	1	1	1	2	1	2	1	0	0	1	0	2	2	1	1	1	1	1	1	1
305100171	2	2	2	1	0	2	2	1	2	1	0	0	1	1	1	2	2	2	1	1	1	1	1	1
306300031	2	2	2	1	0	1	2	2	2	2	1	1	0	1	0	2	2	2	2	1	1	0	1	1
307300032	2	2	2	1	0	2	2	0	2	0	0	0	2	0	2	2	2	2	0	1	1	1	1	1
308300051	2	2	2	1	0	2	2	0	2	0	0	0	2	0	2	2	2	2	0	1	1	0	1	1
309300061	2	2	2	1	1	1	2	2	2	0	1	2	2	0	2	2	2	2	1	1	1	0	1	1
310300011	2	2	2	3	1	1	2	1	1	1	1	0	1	1	1	2	2	2	1	2	1	1	1	1
311300012	2	2	2	1	0	2	2	0	2	0	0	0	2	0	2	2	2	2	0	2	2	1	1	1
312300171	2	2	2	1	0	2	2	1	2	0	1	1	2	0	2	2	2	2	0	1	2	0	1	1
313300141	2	2	2	3	0	2	2	0	2	0	0	0	2	0	2	2	2	2	0	2	2	0	1	1
314300111	2	2	2	1	1	1	1	1	1	1	1	1	1	0	1	2	2	1	0	1	2	0	1	1
315300121	2	2	2	1	1	1	2	0	1	0	1	0	2	0	2	2	2	2	0	1	2	0	1	1
316300122	2	2	2	1	1	1	2	2	2	2	1	2	0	1	0	2	2	2	2	1	1	0	0	0
317300161	2	2	2	1	1	1	2	1	2	0	1	1	2	0	2	2	2	2	0	1	2	0	1	1
3173319102	2	2	2	1	1	1	2	0	1	0	1	0	2	0	2	2	2	2	0	1	1	1	0	1
31823101	2	2	2	1	0	2	2	0	2	0	0	0	2	0	2	2	2	2	0	1	1	0	1	1
318933021	2	2	2	1	0	2	2	0	2	0	0	0	2	0	2	2	2	2	0	1	1	1	1	1
319416011	1	2	2	1	0	2	2	0	2	0	0	0	2	0	2	2	2	2	0	1	2	0	1	0
320712091	2	2	2	0	2	0	2	0	0	0	2	0	2	0	2	2	2	2	0	2	1	1	1	1
321701011	2	2	2	1	1	1	2	2	2	1	1	1	1	1	2	2	2	2	1	1	1	0	1	0
322703021	2	2	2	1	1	1	2	1	2	0	1	1	2	0	2	2	2	2	1	2	2	0	1	1
323708051	2	2	2	1	1	1	2	0	1	0	1	0	2	0	2	2	2	2	0	1	1	1	0	0
324708111	2	2	2	1	0	2	2	0	2	0	0	0	2	0	2	2	2	2	0	1	1	0	1	1
325710071	2	2	2	1	0	2	2	1	2	1	0	0	1	1	1	2	2	2	1	1	1	0	1	1
326712081	2	2	2	1	0	2	2	0	2	0	0	0	2	0	2	2	2	2	0	1	1	1	1	1
327601041	2	2	2	1	0	2	2	1	2	1	0	0	1	1	1	2	2	2	1	1	1	0	1	1
328202011	2	2	2	1	0	2	2	0	2	0	0	0	2	0	2	2	2	2	0	1	1	1	1	1
32833091	2	2	2	1	1	1	2	0	1	0	0	0	2	0	2	2	2	2	0	2	1	0	1	1
329202012	2	2	2	1	0	2	2	0	2	0	0	0	2	0	2	2	2	2	0	1	1	1	0	1
330201041	2	2	2	1	1	1	2	1	2	0	1	1	2	0	2	2	2	2	0	2	2	0	1	1
331201042	2	2	2	1	1	1	2	2	2	1	1	1	1	1	2	2	2	2	2	2	1	0	1	1
332205021	2	2	2	1	1	1	2	2	2	1	1	1	1	1	1	2	2	2	1	1	2	0	1	0
334615011	2	2	2	1	0	2	2	0	2	0	0	0	2	0	2	2	2	2	0	2	1	1	1	1
335916011	2	2	2	1	0	2	2	0	2	0	0	0	2	0	2	2	2	2	0	2	2	0	1	1
336908021	2	2	2	1	0	2	2	2	2	1	0	0	1	1	2	2	2	2	1	1	1	2	1	1
337005011	2	2	2	1	1	1	2	0	1	0	1	0	2	0	2	2	2	2	0	2	2	0	1	0
338015051	2	2	2	1	0	2	2	0	2	0	0	0	2	0	2	2	2	2	0	1	1	1	1	1
33838042	2	2	2	1	0	2	2	2	2	1	0	0	0	1	0	2	2	2	2	1	1	1	1	1
339028131	2	2	2	1	0	2	2	0	2	0	0	0	2	0	2	2	2	2	0	1	1	0	1	0
340304011	2	2	2	1	0	2	2	0	2	0	0	0	2	0	2	2	2	2	0	2	2	1	1	0
341309071	2	2	2	1	0	2	2	0	2	0	0	0	2	0	2	2	2	2	0	2	2	0	1	1
342309061	2	2	2	1	1	1	2	1	2	0	1	1	2	0	2	2	2	2	0	1	1	1	1	1
343021102	2	2	2	1	0	2	2	1	2	1	0	0	1	1	2	2	2	2	1	2	1	1	1	1
344305051	2	2	2	1	0	2	2	1	2	1	0	0	1	1	1	2	2	2	1	2	2	1	1	1
345801011	2	2	2	1	2	0	2	1	1	0	2	1	2	0	2	2	2	2	0	2	1	1	1	1
348814061	2	2	2	1	1	1	2	1	1	1	1	0	1	1	1	2	2	2	1	2	2	0	1	1
34930051	2	2	2	1	0	2	2	1	2	1	0	0	1	1	1	2	2	2	2	1	1	0	1	1
349819101	2	2	2	1	1	1	2	1	2	0	1	1	2	0	2	2	2	2	0	2	1	0	1	0
350817072	2	2	2	1	1	1	2	0	1	0	1	0	2	0	2	2	2	2	0	1	1	0	0	0
351944071	2	2	2	1	2	0	2	2	2	1	2	2	0	0	1	1	2	2	1	1	1	1	0	1
352105011	2	2	2	1	1	1	2	0	1	0	1	0	2	0	2	2	2	2	0	1	1	0	1	1
353105031	2	2	2	1	1	1	2	1	2	0	1	1	2	0	2	2	2	2	0	2	1	0	1	1
354102051	2	2	2	1	1	1	2	2	2	1	1	1	1	1	2	2	2	2	1	2	2	0	1	1
355101021	2	2	2	1	0	2	2	1	2	1	0	0	1	1	2	2	2	2	2	1	2	0	1	1
357106041	2	2	2	1	0	2	2	0	2	0	0	0	2	0	2	2	2	2	0	2	2	1	1	1
358106042	2	2	2	1	1	1	2	1	2	0	1	1	2	0	2	2	2	2	0	1	1	1	1	1
359106051	2	2	2	1	1	1	2	0	1	0	1	0	2	0	2	2	2	2	0	2	1	0	1	1
360106052	2	2	2	1	1	1	1	2	1	1	1	0	0	1	0	2	2	1	1	1	1	0	1	1
36041011	2	2	1	1	1	1	2	2	2	1	1	1	1	1	1	2	2	2	1	1	1	0	0	1
361100250	2	2	2	1	0	2	2	0	2	0	0	0	2	0	2	2	2	2	0	2	1	1	1	1
362105011	2	2	2	1	1	1	2	2	2	1	1	2	1	0	1	2	2	2	1	1	1	0	1	1
363116101	2	2	2	1	1	1	2	2	2	1	1	1	1	1	2	2	2	2	1	2	2	0	1	1
364131061	2	2	2	1	0	2	2	0	2	0	0	0	2	0	2	2	2	2	0	1	2	0	1	1
365123011	2	2	2	1	3	0	2	2	1	1	2	2	1	1	2	2	2	2	1	2	2	1	1	1
366123012	2	2	2	1	1	1	2	0	1	0	1	0	2	0	2	2	2	2	0	1	1	1	1	1
367814101	2	2	2	1	0	2	2	1	2	1	0	0	1	1	1	2	2	2	1	2	1	0	1	1
368814102	2	2	2	1	0	2	2	0	2	0	0	0	2	0	2	2	2	2	0	2	1	0	1	1
369814111	2	2	2	1	0	2	2	0	2	0	0	0	2	0	2	2	2	2	0	1	1	0	1	1
370100041	2	2	2	1	0	2	2	0	2	0	0	0	2	0	2	2	2	2	1	2	2	0	1	1
37041012	2	2	2	1	1	1	2	2	2	1	1	2	1	0	2	2	2	2	1	2	2	1	1	1
371100011	2	1	2	1	1	1	2	1	2	0	1	1	2	0	2	2	2	2	0	2	1	1	1	1
372100051	2	2	2	1	2	0	2	2	2	1	2	1	1	1	1	2	2	2	1	1	2	1	1	1
373100091	2	2	2	1	0	2	2	0	2	0	0	0	2	0	2	2	2	2	0	1	2	1	1	1
374100071	2	2	2	1	0	2	2	0	2	0	0	0	2	0	2	2	2	2	0	1	1	1	1	1
375100081	2	2	2	1	1	1	2	1	2	0	1	1	2	0	2	2	2	2	0	2	1	1	1	1
376100111	2	2	2	0	2	0	2	1	0	1	2	0	1	1	1	2	2	2	1	1	2	0	0	1
377900041	2	2	2	1	0	2	2	0	2	0	0	0	2	0	2	2	2	2	0	1	2	1	1	1
378900081	2	2	2	1	1	1	2	1	2	0	1	1	1	0	2	1	2	2	0	2	1	2	1	1
379007151	2	2	2	1	0	2	2	0	2	0	0	0	2	0	2	2	2	2	0	2	1	1	1	1
380013012	2	2	2	1	0	2	2	0	2	0	0	0	2	0	2	2	2	2	0	2	2	0	1	2
38046011	2	2	2	1	2	0	1	2	2	1	2	1	1	1	1	2	2	1	0	1	1	0	1	1
381016011	2	2	2	1	2	0	2	1	1	0	2	1	2	0	2	2	2	2	0	1	1	0	1	0
382019052	2	2	2	1	1	1	2	1	1	1	1	0	1	1	1	2	2	2	1	1	1	0	0	1
383007071	2	2	2	1	0	2	2	0	2	0	0	0	2	0	2	2	2	2	0	1	1	1	1	1
384010051	2	2	2	1	1	1	2	1	1	1	1	0	1	1	2	2	2	2	1	2	1	0	0	1
385823082	2	2	2	1	0	2	2	1	2	1	0	0	1	1	2	2	2	2	1	2	1	1	1	1
386832101	2	2	2	1	1	1	2	1	2	0	1	1	2	0	2	2	2	2	0	1	1	1	0	0
387832102	2	2	2	1	0	2	2	0	2	0	0	0	2	0	2	2	2	2	0	2	1	0	1	1
388409011	2	2	2	1	1	1	2	1	1	1	1	0	1	1	2	2	2	2	1	1	2	0	1	1
390400091	2	2	2	1	2	1	2	2	1	1	2	0	1	1	2	2	2	2	2	1	1	0	1	1
39111041	2	2	2	1	0	2	2	1	2	1	0	0	1	1	1	2	2	2	1	2	1	0	1	1
391400051	2	2	2	1	0	2	2	0	2	0	0	0	2	0	2	2	2	2	0	2	1	0	0	1
392400061	2	2	2	1	1	1	2	0	1	0	1	0	2	0	2	2	2	2	0	1	1	0	1	1
393400101	2	2	2	1	0	2	2	1	2	1	0	0	1	1	1	2	2	2	1	2	1	0	1	1
394400011	2	2	2	1	1	1	2	1	2	0	1	1	2	0	2	2	2	2	0	1	1	1	1	1
395200244	2	2	2	1	1	1	2	1	2	0	1	1	2	0	2	2	2	2	0	2	2	1	1	1
396725011	2	2	2	1	0	2	2	0	2	0	0	0	2	0	2	2	2	2	0	2	1	1	1	1
397725012	2	2	2	1	1	1	2	1	2	0	1	1	2	0	2	2	2	2	0	1	1	0	1	1
398725051	2	2	2	1	1	1	2	0	1	0	1	0	2	0	2	2	2	2	0	2	1	0	1	1
399725052	2	2	2	1	0	2	2	0	2	0	0	0	2	0	2	2	2	2	0	2	1	0	1	1
401217031	2	2	2	1	1	1	2	2	2	2	1	2	0	1	0	2	2	2	2	1	1	0	1	0
40126061	2	2	2	1	1	1	2	1	2	0	1	1	2	0	2	2	2	2	0	1	1	0	1	0
402000439	2	2	2	1	0	2	2	1	2	1	0	0	1	1	1	2	2	2	1	1	1	0	0	1
403611041	2	2	2	1	1	1	2	2	2	1	1	1	1	1	2	2	2	2	1	1	1	0	1	1
404808011	2	2	2	1	0	2	2	0	2	0	0	0	2	0	2	2	2	2	0	1	1	1	1	1
405811051	2	2	2	1	0	2	2	0	2	0	0	0	2	0	2	2	2	2	0	2	1	0	1	1
406000435	2	2	2	1	0	2	2	0	2	0	0	0	2	0	2	2	2	2	0	1	1	0	1	1
407000434	2	2	2	1	0	2	2	0	2	0	0	0	2	0	2	2	2	2	0	2	1	0	1	1
408000441	2	2	2	1	0	2	2	0	2	0	0	0	2	0	2	2	2	2	0	1	1	0	1	1
409000527	2	2	2	1	0	2	2	0	2	0	0	0	2	0	2	2	2	2	1	2	2	0	1	1
410817061	2	2	2	1	2	0	2	2	2	0	2	2	2	0	2	2	2	2	0	1	1	1	1	1
41130012	2	1	2	1	1	1	1	1	1	1	1	0	1	1	1	2	2	1	0	1	1	0	1	1
411611051	2	2	2	1	0	2	2	1	2	1	0	0	1	1	2	2	2	2	1	1	1	0	1	1
412617011	2	2	2	1	1	1	2	1	2	0	1	1	2	0	2	2	2	2	0	2	2	0	1	0
413620032	2	2	2	1	1	1	2	1	1	1	1	0	1	1	1	2	2	2	1	1	1	1	0	1
414601022	2	2	2	1	0	2	2	0	1	0	0	0	2	0	2	2	2	2	0	2	2	1	1	1
415601031	2	2	2	1	1	1	2	1	2	0	1	1	2	0	2	2	2	2	0	1	1	1	1	1
416215041	2	2	1	1	0	2	2	0	1	0	0	0	2	0	2	2	2	2	1	1	1	0	1	1
417218092	2	2	2	1	0	2	2	1	2	1	0	1	1	0	1	2	2	2	1	1	1	0	1	0
420213011	2	2	2	1	1	1	2	2	2	1	1	2	1	0	1	2	2	2	1	1	1	0	1	1
421218041	2	2	2	1	0	2	2	1	2	1	0	1	1	0	1	2	2	2	1	1	1	0	1	0
42140012	2	1	2	1	1	1	2	1	1	1	1	1	1	0	1	2	2	2	1	1	1	1	1	1
422211031	2	2	2	1	1	1	2	0	1	0	1	0	2	0	2	2	2	2	0	2	1	0	1	0
423320091	1	2	2	1	1	1	2	1	2	0	1	1	2	0	2	2	2	2	0	1	1	0	1	1
424320092	2	2	2	1	0	2	2	1	2	1	0	0	1	1	1	2	2	2	1	2	1	0	1	1
425100248	2	2	2	3	0	2	2	2	2	1	0	1	1	1	2	2	2	2	2	2	2	0	1	1
426111081	2	2	2	1	1	1	2	2	2	1	1	1	1	1	1	2	2	2	1	1	1	0	1	1
427046021	2	2	2	1	0	2	2	1	2	1	0	0	1	1	1	2	2	2	2	1	2	0	1	1
428046012	1	2	2	1	1	1	2	2	2	1	1	1	1	1	1	2	2	2	1	1	1	1	1	0
429046101	2	1	2	1	0	2	2	0	2	0	0	0	3	0	2	2	2	2	0	2	1	0	1	1
431106051	2	2	2	1	0	2	2	1	2	1	0	0	1	1	1	2	2	2	1	2	1	0	1	1
43140021	2	2	2	1	0	2	2	1	2	1	0	1	1	0	1	2	2	2	1	1	1	0	1	1
432800071	2	2	2	1	2	0	2	2	1	1	2	1	1	1	1	2	2	2	1	1	1	2	1	1
433800072	2	2	2	1	1	1	2	0	1	0	1	0	2	0	2	2	2	2	0	2	2	0	1	1
434800024	2	2	2	1	2	0	2	2	1	1	2	1	1	1	1	2	2	2	1	1	1	1	1	1
435800114	2	2	2	1	0	2	2	0	2	0	0	0	2	0	2	2	2	2	0	1	1	0	1	1
436200080	2	2	2	1	1	1	2	1	2	0	0	0	2	1	2	2	2	2	0	1	1	0	1	0
437202011	2	2	1	1	0	2	2	1	2	1	0	0	1	1	1	2	2	2	1	1	2	0	1	1
438800029	2	2	1	1	1	1	2	0	1	0	1	0	2	0	2	2	2	2	0	1	1	0	1	0
439833011	2	2	2	1	1	1	2	0	1	0	1	0	2	0	2	2	2	2	0	1	1	0	0	1
441206011	2	2	2	1	1	1	1	2	1	1	1	0	0	1	0	2	2	1	1	1	1	0	1	1
44140022	2	2	2	1	0	2	2	0	2	0	0	0	2	0	2	2	2	2	0	2	2	1	1	1
445303031	2	2	2	1	0	2	2	1	2	1	0	0	1	1	1	2	2	2	1	1	1	0	1	0
446303051	1	2	2	1	0	2	2	0	2	0	0	0	1	0	2	1	2	2	0	1	1	1	1	0
447303052	2	2	2	1	0	2	2	0	2	0	0	0	2	0	2	2	2	2	0	1	1	0	1	1
449720041	2	2	2	1	1	1	2	2	1	2	1	0	0	1	0	2	2	2	2	2	1	0	1	0
451303101	2	2	2	3	0	2	2	0	2	0	0	0	2	0	2	2	2	2	0	1	1	0	1	1
45513012	2	2	2	1	0	2	2	1	2	1	0	0	1	1	1	2	2	2	1	2	2	1	1	0
458904031	2	2	2	1	1	1	2	2	2	1	1	1	1	1	1	2	2	2	1	1	1	1	1	1
461911071	2	2	2	1	2	0	2	2	1	1	2	2	1	0	1	2	2	2	1	2	1	0	1	1
462911072	2	2	2	1	0	2	2	0	2	0	0	0	2	0	2	2	2	2	0	1	1	0	1	1
463137092	2	2	2	1	1	1	2	1	1	1	1	0	1	1	1	2	2	2	1	1	2	0	1	1
464151061	2	2	2	1	2	0	2	2	2	1	1	1	1	1	1	2	2	2	1	2	1	0	1	0
46518081	2	2	2	1	0	2	2	1	2	1	0	0	1	1	2	2	2	2	1	2	2	0	1	1
465300832	2	2	2	1	0	2	2	0	2	0	0	0	2	0	2	2	2	2	0	1	1	1	1	1
466000377	2	2	2	1	0	2	2	1	2	1	0	0	1	1	1	2	2	2	1	1	1	0	1	0
467000378	2	2	1	1	0	2	2	0	2	0	0	0	1	0	2	1	2	2	0	1	1	0	1	1
468402011	2	2	2	1	0	2	2	0	2	0	0	0	2	0	2	2	2	2	0	1	1	0	1	1
469217021	2	2	2	1	1	1	2	0	1	0	1	0	2	0	2	2	2	2	0	1	1	0	1	1
470201041	2	2	2	1	0	2	2	0	2	0	0	0	2	0	2	2	2	2	0	1	1	0	1	1
471201042	2	2	2	0	2	0	1	1	0	1	2	1	1	0	1	2	2	1	0	2	1	0	1	1
472700136	2	2	2	1	0	2	2	0	2	0	0	0	2	0	2	2	2	2	0	2	2	0	1	1
473700138	2	2	2	1	0	2	2	0	2	0	0	0	2	0	2	2	2	2	0	1	1	0	1	1
474730041	1	2	2	1	2	0	1	2	1	2	2	1	0	1	0	2	2	1	1	1	2	0	1	1
47518082	2	2	2	1	1	1	2	1	2	0	1	1	2	0	2	2	2	2	0	2	1	0	1	1
475700124	2	2	2	1	1	1	2	1	2	0	1	0	2	1	2	2	2	2	0	2	1	1	1	0
476703051	2	2	2	1	1	1	2	0	1	0	1	0	2	0	2	2	2	2	0	2	1	1	1	1
477714051	2	2	2	1	2	0	2	2	2	0	2	2	2	0	2	2	2	2	0	1	1	0	1	0
478714091	2	2	2	1	0	2	2	0	2	0	0	0	2	0	2	2	2	2	0	2	1	1	1	1
479725051	2	2	2	1	0	2	2	1	2	1	0	0	1	1	2	2	2	2	1	2	1	1	1	1
48130071	2	2	2	1	1	1	2	1	2	0	1	1	2	0	2	2	2	2	1	2	1	0	1	1
481732011	2	2	2	1	0	2	2	0	2	0	0	0	2	0	2	2	2	2	0	1	1	0	1	0
482732051	2	2	2	1	0	2	2	0	2	0	0	0	2	0	2	2	2	2	0	1	1	0	1	1
483732031	2	2	2	1	1	1	2	0	1	0	1	0	2	0	2	2	2	2	0	2	1	0	1	1
486425051	2	2	2	1	1	1	2	2	2	1	1	2	1	0	1	2	2	2	1	1	1	0	1	1
487428061	2	2	2	1	0	2	2	0	2	0	0	0	2	0	2	2	2	2	0	2	2	0	1	1
488428071	2	2	1	1	0	2	2	1	2	1	0	0	1	1	1	2	2	2	2	1	1	0	1	0
489404031	2	2	2	1	2	0	2	1	1	0	0	0	2	1	2	2	2	2	0	1	1	1	1	1
490903011	2	2	2	1	0	2	2	1	2	1	0	0	1	1	2	2	2	2	1	2	2	1	1	1
49103041	2	2	2	1	0	2	2	0	2	0	0	0	2	0	2	2	2	2	0	1	1	0	1	1
491905071	2	2	2	1	1	1	2	1	1	1	1	0	1	1	1	2	2	2	1	2	2	0	1	1
492910021	2	2	2	1	0	2	2	1	2	1	0	0	1	1	1	2	2	2	1	1	1	1	1	1
493911021	2	2	2	1	0	2	2	0	2	0	0	0	2	0	3	2	2	2	0	1	2	0	1	1
494918051	2	2	2	1	2	0	2	2	2	1	2	2	1	0	1	2	2	2	1	2	1	0	1	1
495919111	2	2	2	1	1	1	2	0	1	0	1	0	2	0	2	2	2	2	0	2	1	1	1	1
496917101	2	2	2	1	0	2	2	0	2	0	0	0	2	0	2	2	2	2	0	1	1	0	1	1
497413041	2	2	2	1	0	2	2	0	2	0	0	0	2	0	2	2	2	2	0	1	2	0	1	0
498929061	2	2	2	1	1	1	2	1	2	0	1	0	2	1	2	2	2	2	0	1	1	1	1	1
500933081	2	2	2	1	0	2	2	0	2	0	0	0	2	0	2	2	2	2	0	2	2	0	1	1
50103042	2	2	2	1	0	2	2	0	2	0	0	0	2	0	2	2	2	2	0	2	1	0	1	0
501910081	2	2	2	1	2	0	2	1	1	0	2	1	2	0	2	2	2	2	0	1	1	1	1	1
502903022	2	2	2	1	0	2	2	0	2	0	0	0	2	0	2	2	2	2	0	2	1	0	1	1
503914062	2	2	2	3	0	2	2	0	2	0	0	0	2	0	2	2	2	2	0	1	1	0	1	1
504900367	2	2	2	1	2	0	1	2	1	2	2	2	0	1	0	2	2	1	1	1	2	0	1	1
506417051	2	2	1	1	0	2	2	1	2	1	0	0	1	1	1	2	2	2	2	1	2	0	1	1
507933012	2	2	2	1	0	2	2	0	2	0	0	0	2	0	2	2	2	2	0	1	1	0	1	0
508308101	2	1	2	1	1	1	2	1	2	0	0	0	2	1	1	2	2	2	0	1	1	0	1	0
509607121	2	2	2	1	2	0	1	2	1	2	2	1	0	1	0	2	2	1	1	1	1	1	1	1
510512061	2	2	2	1	0	1	2	1	2	1	1	0	1	1	1	2	2	2	1	1	1	1	1	0
51103051	2	2	2	1	0	2	2	0	2	0	0	0	2	0	2	2	2	2	0	1	1	1	1	1
511515011	2	2	2	1	0	2	2	0	2	0	0	0	2	0	2	2	2	2	0	2	1	0	1	1
512510011	2	2	2	1	2	0	2	2	2	0	2	2	2	0	2	2	2	2	0	1	1	1	1	1
513111021	2	2	2	1	1	1	1	1	1	1	1	0	1	1	1	2	2	1	0	1	1	0	1	1
514708022	2	2	2	1	2	0	2	2	1	1	2	2	1	0	1	2	2	2	1	1	1	1	1	1
515000447	2	2	2	1	0	2	2	1	2	1	0	0	1	1	1	2	2	2	1	1	1	0	1	1
516622071	2	2	2	1	1	1	2	0	1	0	1	0	2	0	3	2	2	2	0	1	1	1	1	1
517622031	2	2	2	1	0	2	2	0	2	0	0	0	2	0	2	2	2	2	0	1	1	1	1	0
518624081	2	2	2	1	0	2	2	0	2	0	0	0	2	0	2	2	2	2	0	1	1	0	1	1
519200295	2	2	2	1	0	2	2	0	2	0	0	0	2	0	2	2	2	2	0	1	1	1	1	1
520701041	2	2	2	1	1	1	2	1	2	0	1	1	2	0	2	2	2	2	0	2	1	0	1	0
52103052	2	2	2	1	1	1	2	2	2	2	1	2	0	1	0	2	2	2	2	1	2	1	1	1
521601061	2	2	2	1	1	1	2	2	2	1	1	2	1	0	1	2	2	2	1	1	1	1	1	1
522715031	2	2	2	1	0	2	2	0	2	0	0	0	2	0	2	2	2	2	0	2	1	1	1	1
523704101	2	2	2	1	1	1	2	0	1	0	1	0	2	0	2	2	2	2	0	1	1	0	1	1
524900021	2	2	2	1	0	2	2	1	2	1	0	0	1	1	2	2	2	2	1	1	1	0	1	1
525900031	2	2	2	1	0	2	2	1	2	1	0	1	1	0	2	2	2	2	1	1	1	1	1	0
526900011	2	2	2	1	1	1	2	1	2	0	1	1	2	0	2	2	2	2	0	2	1	2	1	1
527900101	1	2	2	0	2	0	2	0	0	0	2	0	2	0	2	2	2	2	0	2	1	0	1	1
528900061	2	2	2	1	0	2	2	2	2	2	0	0	0	1	0	2	2	2	2	1	1	0	0	1
529900111	2	2	2	1	2	0	2	1	1	0	2	1	2	0	2	2	2	2	0	1	1	1	1	1
530900091	2	2	2	1	1	1	2	1	2	0	1	1	2	0	2	2	2	2	1	1	1	1	1	1
531900151	2	2	2	1	0	2	2	0	2	0	0	0	2	0	2	2	2	2	0	1	1	0	1	1
532802041	2	2	2	3	0	2	2	0	2	0	0	0	2	0	2	2	2	2	0	2	2	0	1	1
533802051	2	2	2	0	2	0	2	0	0	0	2	0	2	0	2	2	2	2	0	1	2	1	1	1
53409011	2	1	1	1	0	2	2	0	2	0	0	0	2	0	2	2	2	2	0	1	1	1	0	0
534200027	2	2	2	1	2	0	2	2	1	1	2	1	1	1	1	2	2	2	1	2	2	0	1	1
535200028	2	2	2	1	1	1	2	2	2	1	1	1	1	1	1	2	2	2	1	2	1	1	1	1
536212062	2	2	2	1	0	1	2	1	2	1	1	0	1	1	2	2	2	2	1	1	2	0	1	1
538224061	2	2	2	1	1	1	2	0	1	0	1	0	2	0	2	2	2	2	0	1	2	0	1	1
539224062	2	2	2	1	1	1	2	1	2	0	0	0	2	1	2	2	2	2	0	1	2	0	1	0
540230101	2	2	2	1	0	2	2	0	2	0	0	0	2	0	2	2	2	2	0	1	1	1	1	1
541230102	2	2	2	1	0	2	2	0	2	0	0	0	2	0	2	2	2	2	0	1	1	1	1	1
543236031	2	2	2	1	0	2	2	0	2	0	0	0	2	0	2	2	2	2	0	2	1	0	1	1
544000385	3	2	2	1	1	1	2	1	1	1	1	0	1	1	2	2	2	2	2	2	1	1	1	1
54409051	2	2	2	1	0	2	2	1	2	1	0	0	1	1	2	2	2	2	1	1	1	1	1	1
545000422	2	2	2	1	1	1	2	1	2	0	1	1	2	0	2	2	2	2	0	1	1	1	0	1
546000429	2	2	2	1	0	2	2	0	2	0	0	0	2	0	2	2	2	2	0	2	1	0	1	1
547000448	2	2	2	1	0	2	2	0	2	0	0	0	2	0	2	2	2	2	0	1	1	0	1	0
548000496	2	2	2	1	0	2	2	0	2	0	0	0	2	0	2	2	2	2	1	1	1	0	1	1
550800017	2	2	2	1	0	1	2	1	2	1	1	0	1	1	1	2	2	2	1	2	2	0	1	1
551800070	2	2	2	1	0	2	2	1	2	1	0	0	1	1	1	2	2	2	1	2	1	0	1	1
552809062	2	2	2	1	1	1	2	1	2	0	1	1	2	0	2	2	2	2	0	1	1	1	1	1
553815101	2	2	2	1	0	2	2	0	2	0	0	0	2	0	3	2	2	2	0	2	2	0	1	1
554824101	2	2	2	1	1	1	2	0	1	0	1	0	2	0	2	2	2	2	0	2	1	1	1	1
555824102	2	2	2	1	0	2	2	0	2	0	0	0	2	0	2	2	2	2	0	2	1	0	1	1
556827101	2	2	2	1	1	1	2	1	1	1	1	0	1	1	2	2	2	2	2	1	2	1	1	1
557844101	2	2	2	1	0	2	2	0	2	0	0	0	2	0	2	2	2	2	0	2	1	1	1	1
558809011	2	2	2	1	1	1	1	1	1	1	1	1	1	0	1	2	2	1	0	1	1	0	1	0
55911051	2	2	2	1	1	1	2	1	1	1	1	1	1	0	2	2	2	2	1	2	1	0	1	0
559809021	2	2	2	1	0	2	2	0	2	0	0	0	2	0	2	2	2	2	0	1	1	1	1	0
560809022	2	2	2	1	0	2	2	0	2	0	0	0	2	0	2	2	2	2	0	1	1	0	1	1
561815021	2	2	2	1	1	1	2	2	2	1	1	1	1	1	1	2	2	2	1	1	1	0	1	1
562815032	2	2	2	1	1	1	2	2	2	1	1	1	1	1	1	2	2	2	1	2	1	1	1	1
563000569	2	2	2	1	1	1	2	0	1	0	1	0	2	0	2	2	2	2	0	1	2	0	1	0
564832012	2	2	2	1	0	2	2	0	2	0	0	0	2	0	2	2	2	2	0	1	1	1	1	0
565126021	2	2	2	1	0	2	2	0	2	0	0	0	2	0	2	2	2	2	0	1	1	0	1	1
566106091	2	2	2	1	0	2	2	0	2	0	0	0	2	0	2	2	2	2	0	1	1	1	1	1
567100315	2	2	2	1	1	1	2	0	1	0	1	0	2	0	2	2	2	2	0	2	1	0	1	1
568112011	2	2	2	1	1	1	2	2	2	1	1	1	1	1	1	2	2	2	1	1	1	0	1	1
56911052	2	2	2	1	1	2	2	2	1	2	1	0	0	1	0	2	2	2	2	2	1	0	1	1
569122051	2	2	2	1	0	2	2	1	2	1	0	0	1	1	1	2	2	2	1	1	1	0	1	1
570122061	2	2	2	1	1	1	2	1	1	1	1	1	1	0	1	2	2	2	1	1	1	0	1	1
571000358	2	2	2	1	1	1	2	0	1	0	1	0	2	0	2	2	2	2	0	1	1	1	1	1
572122013	2	2	2	1	1	1	2	0	1	0	1	0	2	0	2	2	2	2	0	1	1	0	1	1
573100301	2	2	2	1	0	2	2	1	2	1	0	0	1	1	1	2	2	2	1	1	2	1	1	1
574003082	2	2	2	1	0	2	2	0	2	0	0	0	2	0	2	2	2	2	0	1	1	0	1	0
575300031	2	1	2	3	0	2	2	0	2	0	0	0	2	0	2	2	2	2	0	1	1	0	1	1
576000031	2	2	2	1	0	2	2	0	2	0	0	0	2	0	2	2	2	2	0	1	1	0	1	1
577000032	2	2	2	1	1	1	2	0	1	0	1	0	2	0	2	2	2	2	0	1	1	0	1	0
578323051	2	2	2	1	0	2	2	0	2	0	0	0	2	0	2	2	2	2	0	1	1	1	1	1
579020062	2	2	2	1	0	2	2	1	2	1	0	1	1	0	1	2	2	2	1	1	1	0	1	1
57914021	2	2	2	1	1	1	2	1	1	1	1	1	1	0	2	2	2	2	1	2	1	0	1	0
580000088	2	2	2	1	0	2	2	1	2	1	0	1	1	0	1	2	2	2	1	1	1	0	1	1
581020052	2	2	2	1	0	2	2	0	2	0	0	0	1	0	2	1	2	2	0	2	1	0	1	1
582011101	2	2	2	1	0	2	2	1	2	1	0	0	1	1	2	2	2	2	1	2	2	1	1	1
583016011	2	2	2	1	1	1	2	0	1	0	1	0	2	0	2	2	2	2	0	1	1	0	1	1
584016071	2	2	2	1	0	2	2	0	2	0	0	0	2	0	2	2	2	2	0	1	1	0	1	1
585016092	2	2	2	1	1	1	2	0	1	0	1	0	2	0	2	2	2	2	0	1	1	0	0	1
586000089	2	2	2	1	0	2	2	0	2	0	0	0	2	0	2	2	2	2	0	1	1	0	0	0
587011051	2	2	2	1	0	2	2	0	2	0	0	0	2	0	2	2	2	2	0	1	1	0	0	1
588314051	2	2	2	1	1	1	2	0	1	0	1	0	2	0	2	2	2	2	0	2	1	1	1	1
589000356	1	2	2	1	1	1	2	1	2	0	1	1	2	0	2	2	2	2	0	1	1	0	0	1
58908011	2	2	2	1	2	1	2	1	1	0	1	0	2	1	2	2	2	2	1	2	1	1	1	1
590000426	2	2	2	1	0	2	2	0	2	0	0	0	2	0	2	2	2	2	0	1	1	0	1	1
591920071	2	2	2	1	1	1	2	2	2	1	1	1	1	1	1	2	2	2	1	1	1	1	1	1
592911051	2	2	2	1	0	2	2	0	2	0	0	0	2	0	2	2	2	2	0	1	2	0	1	1
593918082	2	2	2	1	0	2	2	0	2	0	0	0	2	0	2	2	2	2	0	2	2	1	1	0
594913051	2	2	2	1	0	2	2	0	2	0	0	0	2	0	2	2	2	2	0	1	1	0	1	1
595913111	2	2	2	1	1	1	2	1	2	0	1	1	2	0	2	2	2	2	0	2	2	0	1	1
59603011	2	2	2	1	0	2	2	0	2	0	0	0	2	0	2	2	2	2	0	2	1	1	1	1
596906101	2	2	2	1	2	0	2	2	1	1	2	1	1	1	1	2	2	2	1	2	2	0	1	1
597200217	2	2	2	1	0	2	2	2	2	2	0	0	0	1	0	2	2	2	2	2	2	0	1	1
599208021	1	2	2	0	2	0	0	2	0	2	1	0	0	1	0	2	2	0	0	1	1	0	1	1
600211031	2	2	2	1	1	1	1	1	1	1	1	0	1	1	1	2	2	1	0	1	1	1	1	1
601211052	2	2	2	1	0	2	2	0	2	0	0	0	2	0	2	2	2	2	0	1	1	1	1	1
602211091	2	2	2	1	1	1	2	0	1	0	1	0	2	0	2	2	2	2	0	2	2	1	1	1
603211092	2	2	2	1	1	1	2	1	1	1	1	0	1	1	1	2	2	2	1	2	1	0	1	1
604214091	2	2	2	1	0	2	2	1	2	1	0	0	1	1	1	2	2	2	1	2	1	0	1	1
605228011	2	2	2	1	0	2	2	0	1	0	0	0	2	0	2	2	2	2	0	2	1	1	1	1
606224012	2	2	2	1	1	1	2	0	1	0	1	0	2	0	2	2	2	2	0	2	1	0	1	1
607502081	2	2	2	1	0	2	2	0	2	0	0	0	2	0	2	2	2	2	0	1	1	1	1	1
608506011	2	2	2	1	1	1	2	2	2	1	1	2	1	0	1	2	2	2	1	2	1	0	1	1
60933051	2	2	2	1	0	2	2	0	2	0	0	0	2	0	2	2	2	2	0	2	2	0	1	0
609503101	2	2	2	1	2	0	2	1	1	0	2	1	2	0	2	2	2	2	0	2	2	1	1	1
610503102	2	2	2	1	0	2	2	1	2	2	0	0	0	1	0	2	2	2	2	2	2	0	1	1
611508041	2	2	2	1	0	2	2	0	2	0	0	0	2	0	2	2	2	2	0	1	1	0	1	0
612206051	2	2	2	1	0	2	2	0	2	0	0	0	1	0	2	1	2	2	0	1	1	1	1	1
613206052	2	2	2	1	0	2	2	0	2	0	0	0	2	0	3	2	2	2	0	2	1	0	1	1
614202101	2	2	2	1	1	1	2	0	1	0	1	0	2	0	2	2	2	2	0	2	1	0	1	1
615800019	2	2	2	1	0	2	2	0	2	0	0	0	2	0	2	2	2	2	0	1	1	0	0	0
616501091	2	1	2	1	0	2	2	0	2	0	0	0	2	0	2	2	2	2	0	1	1	1	1	0
617502082	2	2	2	1	0	2	2	0	2	0	0	0	2	0	2	2	2	2	0	1	1	1	1	1
618502071	2	2	2	1	0	2	2	0	2	0	0	0	2	0	2	2	2	2	0	1	1	1	1	0
61929041	2	2	2	1	0	2	2	0	2	0	0	0	2	0	2	2	2	2	0	2	1	1	1	1
619507061	2	2	1	1	2	0	2	1	1	0	2	1	2	0	2	2	2	2	0	1	2	0	1	1
620523031	2	2	2	1	0	2	2	0	2	0	0	0	2	0	2	2	2	2	0	1	1	0	1	1
621523032	2	2	2	1	0	2	2	0	2	0	0	0	2	0	2	2	2	2	0	1	1	0	1	1
622523092	2	2	2	1	1	1	2	1	2	0	1	1	2	0	2	2	2	2	0	2	2	1	1	1
623523111	2	2	2	1	1	1	2	1	2	0	1	1	2	0	2	2	2	2	0	1	1	0	1	1
624500287	2	2	2	1	0	2	2	2	2	2	0	0	0	1	0	2	2	2	2	1	1	0	1	1
625528081	2	2	2	0	2	0	1	1	0	1	2	0	1	1	1	2	2	1	0	1	1	0	1	0
626528021	2	2	2	1	1	2	2	1	2	0	1	1	2	0	2	2	2	2	0	1	1	0	1	1
627513061	2	2	2	1	1	1	2	2	2	2	1	2	0	1	0	2	2	2	2	2	2	0	1	1
628000409	2	2	2	1	2	0	2	2	2	0	2	0	2	1	2	2	2	2	0	2	1	1	1	1
629000523	2	2	2	1	1	1	2	1	2	0	1	1	2	0	2	2	2	2	0	2	1	0	1	1
62929011	2	2	2	1	0	2	2	0	2	0	0	0	2	0	2	2	2	2	0	1	2	0	1	1
630000403	2	2	2	1	1	1	2	0	1	0	1	0	2	0	2	2	2	2	0	1	1	1	1	1
631000405	2	2	2	1	0	2	2	1	2	1	0	1	1	0	1	2	2	2	1	2	1	0	1	0
632000410	2	2	2	1	1	1	2	2	2	1	1	1	1	1	2	2	2	2	1	2	2	1	1	1
633312061	2	2	2	1	1	1	2	0	1	0	1	0	2	0	2	2	2	2	0	1	1	0	1	1
634300224	2	2	2	1	0	2	2	1	2	1	0	0	1	1	1	2	2	2	1	2	1	0	1	1
635323081	2	2	2	1	0	2	2	0	2	0	0	0	2	0	2	2	2	2	0	1	1	0	1	1
636902031	2	2	2	1	0	2	2	0	2	0	0	0	2	0	2	2	2	2	0	1	1	0	1	1
637323091	2	2	2	1	2	0	2	2	1	1	2	1	1	1	2	2	2	2	1	1	2	1	1	1
63929012	2	2	2	1	0	2	2	0	2	0	0	0	2	0	2	2	2	2	0	1	2	0	1	1
639417062	2	2	2	1	1	1	2	0	1	0	1	0	2	0	2	2	2	2	0	2	1	1	1	1
640417051	2	2	2	1	0	2	2	2	2	2	0	1	0	1	0	2	2	2	2	1	1	1	1	1
641427041	2	2	2	1	1	1	2	1	2	0	1	1	2	0	2	2	2	2	0	2	1	0	1	1
642705082	2	2	2	1	0	2	2	2	2	2	0	0	0	1	0	2	2	2	2	2	1	0	1	1
643417011	2	2	2	1	1	1	2	0	1	0	1	0	2	0	2	2	2	2	0	1	1	0	1	0
64404101	2	2	2	1	0	2	2	0	2	0	0	0	2	0	2	2	2	2	0	1	2	0	1	0
644417012	2	2	2	1	0	2	1	0	2	1	0	0	1	0	1	1	2	1	0	2	1	0	1	1
645401031	2	2	2	1	1	1	2	2	2	1	1	1	1	1	1	2	2	2	1	1	1	0	1	1
646405061	2	2	2	1	1	1	2	2	2	2	1	2	0	1	0	2	2	2	2	1	1	1	1	1
647405102	2	2	2	1	1	1	2	0	1	0	1	0	2	0	2	2	2	2	0	1	1	1	1	0
649927031	2	2	2	1	1	1	2	1	2	0	1	1	2	0	2	2	2	2	1	1	2	1	1	1
651923072	2	2	2	1	1	1	2	1	2	0	1	0	1	1	2	1	2	2	1	2	1	0	1	1
653000468	2	2	2	1	0	2	2	0	2	0	0	0	2	0	2	2	2	2	0	2	1	0	1	1
654000467	2	2	2	1	1	1	2	2	2	1	1	2	1	0	2	2	2	2	1	1	1	1	1	1
65414101	2	2	2	1	0	2	2	0	2	0	0	0	2	0	2	2	2	2	0	2	2	1	1	1
656901101	2	2	2	1	1	1	1	1	1	1	0	0	1	1	1	2	2	1	0	1	1	1	1	0
658402011	2	2	2	1	1	1	2	0	1	0	1	0	2	0	2	2	2	2	0	2	2	1	1	0
659404021	2	2	2	1	1	1	2	1	2	0	1	1	2	0	2	2	2	2	0	1	2	0	0	1
660407051	2	2	2	1	0	2	2	1	2	1	0	0	1	1	2	2	2	2	1	2	2	1	1	1
661407041	2	2	2	1	0	2	2	0	2	0	0	0	2	0	2	2	2	2	0	2	2	0	1	0
662000476	2	2	2	1	1	1	2	1	2	0	1	1	2	0	2	2	2	2	0	1	1	0	1	1
663921051	2	2	2	1	1	1	2	1	2	0	1	1	2	0	2	2	2	2	0	2	2	1	1	1
66417082	2	2	2	1	2	0	2	2	1	1	2	2	1	0	1	2	2	2	1	2	1	0	1	1
664934021	2	2	2	1	0	2	2	1	2	1	0	1	1	0	1	2	2	2	1	1	2	1	1	1
665921081	2	1	1	1	0	2	2	1	2	1	0	0	1	1	1	2	2	2	1	1	1	0	0	0
666442081	2	1	2	1	0	2	2	0	2	0	0	0	2	0	2	2	2	2	0	1	1	0	0	1
667934102	2	2	2	1	2	0	1	2	1	1	2	1	1	1	1	2	2	1	0	2	1	0	1	1
670208081	2	2	2	1	0	2	2	0	2	0	0	0	2	0	2	2	2	2	0	1	1	0	1	1
671208082	2	2	2	1	0	2	2	0	2	0	0	0	2	0	2	2	2	2	0	1	1	0	1	0
672208061	2	2	2	1	1	1	2	1	2	1	1	0	1	1	2	2	2	2	1	2	1	0	1	1
673715061	2	2	2	1	0	2	2	0	2	0	0	0	2	0	2	2	2	2	0	1	1	1	1	1
674703041	2	2	2	1	0	2	2	1	2	1	0	0	1	1	1	2	2	2	1	1	1	0	1	1
675000350	2	2	2	1	0	2	2	0	2	0	0	0	2	0	2	2	2	2	0	2	1	0	1	1
676719081	2	2	2	1	1	1	2	2	2	1	1	2	1	0	1	2	2	2	1	1	1	0	1	1
677226041	2	2	2	1	0	2	2	1	2	1	0	0	1	1	1	2	2	2	1	1	1	0	1	0
678226042	2	2	2	1	0	2	2	0	2	0	0	0	2	0	2	2	2	2	0	2	1	0	1	1
67903011	2	2	2	1	0	2	2	0	2	0	0	0	1	0	2	1	2	2	0	2	1	0	1	1
679226032	2	2	2	1	0	1	2	1	2	0	1	1	2	0	2	2	2	2	0	2	2	0	1	1
680000556	2	2	2	1	1	1	2	2	2	1	1	2	1	0	1	2	2	2	1	1	1	1	1	1
681000475	2	2	2	1	0	2	2	0	2	0	0	0	2	0	2	2	2	2	0	1	2	0	1	1
682409091	2	2	2	1	1	1	2	1	2	0	1	1	2	0	2	2	2	2	0	1	1	0	0	1
683407031	2	2	2	1	0	2	2	1	2	0	0	1	2	0	2	2	2	2	0	1	1	0	1	1
685903011	2	2	2	1	2	0	2	2	2	0	2	2	1	0	2	1	2	2	0	1	1	0	1	1
686907091	2	2	2	1	0	2	2	0	2	0	0	0	2	0	2	2	2	2	0	1	1	0	1	1
687912091	2	2	2	1	1	1	1	1	1	1	1	0	1	1	1	2	2	1	0	1	1	0	0	1
688929011	2	2	2	1	0	2	2	0	2	0	0	0	2	0	2	2	2	2	0	2	1	0	1	1
68922043	2	2	2	1	0	2	2	0	2	0	0	0	2	0	2	2	2	2	0	1	2	0	1	0
690901071	2	2	2	1	0	2	2	1	2	1	0	1	1	0	2	2	2	2	1	2	2	0	1	1
692420091	2	2	2	1	1	1	2	0	1	0	1	0	2	0	2	2	2	2	0	2	1	1	1	1
693209051	2	2	2	1	0	2	2	0	2	0	0	0	2	0	2	2	2	2	0	1	1	0	1	1
694209052	2	2	2	1	0	2	2	1	2	1	0	0	1	1	1	2	2	2	1	1	1	0	1	0
695209021	2	2	2	1	0	2	2	0	2	0	0	0	2	0	2	2	2	2	0	1	1	0	1	1
696206071	2	2	2	1	0	2	2	1	2	1	0	0	1	1	1	2	2	2	1	1	1	0	1	1
697206072	2	2	2	1	0	2	2	0	2	0	0	0	2	0	2	2	2	2	0	1	1	0	1	1
698300155	2	2	2	1	0	2	2	0	2	0	0	0	2	0	2	2	2	2	0	2	1	1	1	1
69929081	2	1	2	1	1	1	2	0	1	0	1	0	2	0	2	2	2	2	0	1	1	0	1	1
800207091	2	2	2	1	0	2	2	0	2	0	0	0	2	0	2	2	2	2	0	2	2	1	1	1
801213101	2	2	2	1	1	1	2	1	1	1	1	0	1	1	1	2	2	2	1	2	1	1	1	1
802123041	2	2	2	1	0	2	2	0	2	0	0	0	2	0	2	2	2	2	0	1	2	0	1	1
803123042	2	2	2	1	1	1	2	0	1	0	1	0	2	0	2	2	2	2	0	1	1	0	1	1
804131031	2	2	2	1	0	2	2	0	2	0	0	0	2	0	2	2	2	2	0	1	2	0	1	1
80418051	2	2	2	1	1	1	2	2	2	1	1	2	0	1	0	2	2	2	2	1	1	0	1	1
805105101	2	2	2	1	0	2	2	0	2	0	0	0	2	0	2	2	2	2	0	1	2	1	1	0
806105102	2	2	1	1	2	0	2	1	1	0	2	1	2	0	2	2	2	2	1	1	2	0	0	1
808311032	2	2	2	1	1	1	2	2	2	1	1	2	1	0	1	2	2	2	1	2	1	0	1	1
810200141	2	2	2	1	0	2	2	1	2	1	0	0	1	1	2	2	2	2	1	2	2	0	1	1
811225081	2	2	2	1	0	2	2	0	2	0	0	0	2	0	2	2	2	2	0	1	2	1	1	1
812023062	2	2	2	1	1	1	1	1	1	1	1	0	1	1	1	2	2	1	0	1	1	1	1	1
813016061	2	2	2	1	1	1	2	1	2	0	1	1	2	0	2	2	2	2	0	1	1	0	1	1
81418052	2	2	2	1	1	1	2	2	2	1	1	1	1	1	2	2	2	2	1	2	2	2	1	1
814903031	2	2	2	1	0	2	2	0	2	0	0	0	2	0	2	2	2	2	0	1	1	0	1	1
815407031	2	2	2	1	1	1	2	1	2	0	1	1	2	0	2	2	2	2	0	1	1	1	1	1
816400231	2	2	2	1	0	2	2	0	2	0	0	0	1	0	2	1	2	2	0	1	2	1	1	1
817922021	2	2	2	1	0	2	2	0	2	0	0	0	2	0	2	2	2	2	0	2	1	0	1	1
818918011	2	2	2	1	0	2	2	0	2	0	0	0	2	0	2	2	2	2	0	1	1	1	1	1
819800030	2	2	2	1	0	2	2	2	2	2	0	0	0	1	0	2	2	2	2	2	2	1	1	1
820000506	2	2	1	1	0	2	2	0	1	0	0	0	2	0	2	2	2	2	0	1	2	0	1	0
8227031	2	2	2	1	0	2	2	0	2	0	0	0	2	0	2	2	2	2	0	1	2	0	1	1
822823072	2	2	2	1	1	1	2	0	1	0	1	0	2	0	2	2	2	2	0	1	1	0	1	1
823810121	2	2	2	1	1	1	2	1	1	1	1	0	1	1	2	2	2	2	1	2	1	0	1	1
82425021	2	2	2	1	0	2	2	2	2	1	0	1	1	1	1	2	2	2	2	1	1	0	1	1
824810122	2	2	2	1	0	2	2	0	2	0	0	0	2	0	2	2	2	2	0	1	1	0	1	1
825605071	2	2	2	1	1	1	2	2	2	1	1	2	1	1	2	2	2	2	1	1	1	1	1	1
826605072	2	2	2	1	0	2	2	1	2	0	0	1	2	0	2	2	2	2	0	1	1	1	1	0
827607111	2	2	2	1	1	1	2	1	2	0	1	1	2	0	2	2	2	2	0	2	1	0	0	1
828604051	2	1	2	1	0	2	2	0	2	0	0	0	2	0	2	2	2	2	0	1	1	0	0	0
829211061	2	2	2	1	1	1	2	1	1	1	1	1	1	0	2	2	2	2	1	2	2	1	1	1
830203042	2	2	2	1	2	0	2	2	1	1	1	2	1	0	1	2	2	2	1	2	1	1	1	1
831205021	2	2	2	1	0	2	1	0	2	1	0	0	1	0	1	2	2	1	0	1	2	1	1	0
832901032	2	2	2	1	1	1	2	0	1	0	1	0	2	0	2	2	2	2	0	1	1	0	1	1
833922051	2	2	2	1	0	2	2	1	2	1	0	0	1	1	1	2	2	2	1	1	1	1	1	1
83425022	2	2	2	1	1	1	2	2	2	1	1	1	1	1	1	2	2	2	1	1	1	0	0	1
835930011	2	2	2	1	0	2	2	0	2	0	0	0	2	0	2	2	2	2	0	1	1	0	0	1
836930072	2	2	2	1	0	2	2	0	2	0	0	0	2	0	2	2	2	2	1	1	1	0	1	0
837001011	2	2	2	1	0	2	2	0	2	0	0	0	2	0	2	2	2	2	1	1	1	0	1	0
838001021	2	2	2	1	0	2	2	0	2	0	0	0	2	0	2	2	2	2	0	1	1	0	1	1
839007051	2	2	2	1	0	2	2	1	2	1	0	0	1	1	1	2	2	2	1	2	1	0	1	1
840007041	2	2	2	1	0	2	2	1	2	1	0	0	1	1	1	2	2	2	1	2	2	0	1	0
841108042	2	2	2	1	1	1	2	2	2	1	1	1	1	1	1	2	2	2	2	1	1	1	1	1
842112081	2	2	2	1	0	2	2	0	2	0	0	0	2	0	2	2	2	2	0	1	1	1	1	0
843112071	2	2	2	0	2	0	2	0	0	0	2	0	2	0	2	2	2	2	0	1	1	0	1	1
844112061	2	2	2	1	0	2	2	1	2	1	0	0	1	1	2	2	2	2	1	1	1	1	1	1
84428022	2	2	2	1	0	2	1	0	2	1	0	0	1	0	1	2	2	1	0	2	1	1	1	1
845112062	2	2	2	1	0	2	2	0	2	0	0	0	2	0	2	2	2	2	0	1	1	0	1	0
847939062	2	2	2	1	0	2	2	1	2	1	0	0	1	1	2	2	2	2	1	1	1	1	1	1
848331071	2	2	2	1	1	1	2	2	2	1	1	2	1	0	1	2	2	2	2	2	1	1	1	1
849106091	2	2	2	1	1	1	2	2	1	1	1	1	1	1	1	2	2	2	1	1	1	0	1	1
850206101	2	2	2	1	0	2	2	0	2	0	0	0	2	0	2	2	2	2	0	2	1	0	1	1
851230081	2	2	2	1	1	1	2	0	1	0	1	0	2	0	2	2	2	2	0	1	1	0	1	1
852220051	2	2	2	1	1	2	2	2	2	1	1	1	1	1	1	2	2	2	1	1	1	0	1	1
853216071	2	2	2	1	2	0	2	2	2	1	2	2	1	1	2	2	2	2	1	1	1	0	1	1
854200282	2	2	2	1	1	1	2	1	2	0	1	1	2	0	2	2	2	2	0	2	1	1	1	1
85428051	2	2	2	1	1	2	2	1	2	0	1	1	2	0	2	2	2	2	0	2	2	0	1	1
855227091	2	2	2	1	0	2	2	0	2	0	0	0	2	0	2	2	2	2	0	2	1	0	1	0
856103091	2	2	2	1	2	0	2	2	1	1	2	2	1	0	2	2	2	2	1	2	1	2	1	1
857103081	2	2	2	1	2	0	2	2	1	1	2	2	1	0	2	2	2	2	2	2	2	1	1	1
858000540	2	2	2	1	0	2	2	0	2	0	0	0	2	0	2	2	2	2	0	2	1	0	0	1
859630011	2	2	2	1	0	2	2	1	2	1	0	0	1	1	1	2	2	2	1	1	1	0	0	1
860809022	2	2	2	1	2	0	2	1	1	0	1	0	2	1	2	2	2	2	0	2	1	0	1	1
861812011	2	2	2	1	1	1	2	2	2	1	1	1	1	1	1	2	2	2	1	1	1	0	1	1
862900051	2	2	2	1	0	2	1	0	2	0	0	0	1	0	2	1	2	1	0	2	2	1	1	1
863900061	2	2	2	1	0	2	2	0	2	0	0	0	2	0	2	2	2	2	0	1	1	1	1	1
86428052	2	2	2	1	1	1	2	1	2	0	1	1	2	0	2	2	2	2	0	2	1	0	1	1
864914071	2	1	2	1	0	2	2	0	2	0	0	0	2	0	2	2	2	2	0	2	1	0	1	0
865000557	2	2	1	1	1	1	2	0	1	0	1	0	2	0	2	2	2	2	0	1	1	1	1	1
866604021	2	2	2	1	0	2	2	1	2	1	0	0	2	1	1	2	2	2	1	2	2	1	1	1
868610051	2	2	2	1	1	1	2	0	1	0	1	0	2	0	2	2	2	2	0	1	1	1	1	1
869541071	2	2	2	1	2	0	2	2	1	1	2	2	1	0	1	2	2	2	1	2	2	1	1	1
870400071	2	2	2	1	1	1	2	2	2	0	1	1	2	1	2	2	2	2	0	2	1	1	1	0
871400011	2	2	2	1	0	2	2	0	2	0	0	0	2	0	2	2	2	2	0	1	2	1	1	0
872400021	2	2	2	1	1	1	2	2	2	0	1	0	2	1	2	2	2	2	0	2	1	0	1	2
873115091	2	2	2	1	0	2	2	0	1	0	0	0	2	0	2	2	2	2	0	1	1	2	1	1
874000021	2	2	2	1	1	1	2	2	2	2	1	2	0	1	0	2	2	2	2	1	1	0	1	1
87428053	2	2	2	1	1	1	2	1	2	0	1	1	2	0	2	2	2	2	0	1	2	0	1	1
875000031	2	2	2	1	0	2	2	0	2	0	0	0	2	0	2	2	2	2	0	2	2	0	1	1
876806031	2	2	2	1	0	2	2	0	2	0	0	0	2	0	2	2	2	2	0	1	1	1	1	1
877819091	2	2	2	1	1	1	2	0	1	0	1	0	2	0	2	2	2	2	0	1	1	0	1	1
879809041	2	2	2	1	1	1	2	1	2	0	1	1	2	0	2	2	2	2	0	1	1	2	1	1
880808061	2	2	2	1	0	2	2	1	2	1	0	0	1	1	1	2	2	2	1	1	1	0	1	1
881813041	2	2	1	1	0	2	2	0	2	0	0	0	2	0	2	2	2	2	0	1	1	0	1	1
88220081	2	2	2	1	1	1	2	1	2	0	1	1	2	0	2	2	2	2	0	2	2	1	1	1
882730051	2	2	2	1	0	2	2	0	2	0	0	0	2	0	2	2	2	2	0	1	1	0	1	1
883701052	2	2	2	1	0	2	2	0	2	0	0	0	2	0	2	2	2	2	0	1	2	1	1	0
884000530	2	2	2	1	0	2	2	0	2	0	0	0	2	0	2	2	2	2	0	2	1	0	1	1
885000534	2	2	2	1	1	1	2	1	2	0	0	0	2	1	2	2	2	2	0	2	1	0	1	1
886000538	2	2	2	1	0	2	2	0	2	0	0	0	2	0	2	2	2	2	0	1	1	0	1	1
887000453	3	2	2	0	2	0	2	0	0	0	2	0	2	0	2	2	2	2	0	2	2	0	1	1
888000458	2	2	2	1	1	1	2	1	2	0	1	1	2	0	2	2	2	2	0	1	1	0	1	1
889110131	2	2	2	1	2	0	2	2	2	1	2	2	1	0	1	2	2	2	1	1	1	0	1	1
890110091	2	2	2	1	0	2	2	1	2	1	0	0	1	1	2	2	2	2	1	1	2	1	1	1
891400031	2	2	2	1	0	2	2	0	2	0	0	0	2	0	2	2	2	2	0	1	2	0	1	1
89220082	2	2	2	1	1	1	2	1	2	0	1	1	2	0	2	2	2	2	0	2	1	1	1	1
893226021	2	2	2	1	0	2	2	0	2	0	0	0	2	0	2	2	2	2	0	1	1	0	1	1
894207061	2	2	2	1	0	2	2	0	2	0	0	0	2	0	2	2	2	2	0	1	1	1	1	1
896105021	2	2	2	1	0	2	2	0	1	0	0	0	2	0	2	2	2	2	0	1	1	0	1	1
897109041	2	2	2	1	0	2	2	1	2	1	0	0	1	1	2	2	2	2	2	2	2	0	1	1
898106061	2	2	2	1	0	2	2	0	2	0	0	0	2	0	2	2	2	2	0	1	2	1	1	1
