SAMPLE	5UPKIR	HLA-E	HLA-G	KIR2DL1	KIR2DL2	KIR2DL3	KIR2DL4	KIR2DL5AB	KIR2DP1	KIR2DS1	KIR2DS2	KIR2DS3	KIR2DS4	KIR2DS5	KIR3DL1	KIR3DL2	KIR3DL3	KIR3DP1	KIR3DS1	LILRB1	LILRB2	LILRB3	LILRB4	LILRB5
1000206901	36	31	22	37	11	16	33	28	36	30	15	34	16	0	24	33	29	32	12	0	0	0	0	0
100102082	25	22	30	24	0	28	28	0	26	0	0	0	25	0	20	35	27	27	0	0	0	0	0	0
1001207701	30	27	25	33	0	27	25	0	23	0	0	0	28	0	28	27	25	30	0	0	0	0	0	0
1002209901	38	34	34	26	18	24	35	0	13	0	11	0	32	0	30	36	41	22	0	0	0	0	0	0
1003210301	39	29	28	48	17	16	54	37	37	16	21	18	21	0	43	31	44	47	38	0	0	0	0	0
1004211301	35	31	33	20	17	15	35	0	19	0	15	0	39	0	35	33	34	33	0	0	0	0	0	0
1005214101	39	23	28	34	0	24	30	0	34	0	0	0	39	0	32	27	33	42	0	0	0	0	0	0
1007215301	38	25	26	32	31	0	36	39	23	9	10	41	11	0	20	26	29	25	14	0	0	0	0	0
1008216701	32	29	22	26	18	14	24	16	42	0	17	12	33	0	30	32	26	31	0	0	0	0	0	0
1009228901	34	36	33	37	0	34	40	0	39	0	0	0	34	0	28	45	32	41	0	0	0	0	0	0
1010616901	49	36	39	37	13	19	37	16	25	12	14	0	25	0	29	39	34	36	24	0	0	0	0	0
101106071	31	24	32	28	31	0	14	29	17	20	36	10	16	0	15	29	34	16	0	0	0	0	0	0
1011616902	32	34	36	41	18	16	31	19	48	0	0	0	44	0	29	33	38	28	0	0	0	0	0	0
1012617701	35	47	40	41	0	41	46	21	37	18	0	0	16	0	21	35	44	39	31	0	0	0	0	0
1013617501	40	28	32	17	0	47	17	0	50	19	0	0	15	0	19	28	38	15	0	0	0	0	0	0
1014604901	36	40	41	57	0	47	40	21	34	27	0	0	19	0	36	37	44	46	25	0	0	0	0	0
1015611101	44	39	35	52	20	20	42	35	62	17	16	22	19	0	23	47	42	33	17	0	0	0	0	0
1016611301	28	47	60	60	24	25	46	22	49	0	33	25	42	0	48	52	43	42	0	0	0	0	0	0
1017620101	24	24	29	34	0	24	31	15	28	15	0	0	21	0	17	28	40	37	20	0	0	0	0	0
1018621701	29	30	24	21	9	18	32	15	9	21	17	0	18	0	33	25	35	38	21	0	0	0	0	0
1019621702	46	29	38	36	0	43	39	0	50	0	0	0	43	0	33	37	37	43	0	0	0	0	0	0
1020330101	33	39	39	32	0	50	33	0	41	0	0	0	39	0	41	26	37	35	0	0	0	0	0	0
102116021	49	28	29	31	0	37	29	0	32	0	0	0	31	0	37	29	33	28	0	0	0	0	0	0
1022306301	42	24	24	32	41	0	40	15	16	0	29	0	37	0	22	29	37	31	0	0	0	0	0	0
10227052	44	30	25	34	18	19	39	37	32	19	12	16	17	0	22	35	35	27	14	0	0	0	0	0
1023311101	53	38	35	46	24	17	47	59	46	37	21	21	0	0	1	44	43	47	41	0	0	0	0	0
1024311301	38	28	28	26	17	15	32	27	37	14	17	13	12	0	15	27	30	25	15	0	0	0	0	0
1025318501	39	24	27	36	0	31	27	13	30	17	0	0	16	0	25	30	32	31	10	0	0	0	0	0
1026319101	28	27	29	0	26	0	29	0	0	0	35	0	37	0	23	30	33	28	0	0	0	0	0	0
1027328701	42	28	32	26	0	33	32	32	19	44	0	0	0	0	0	27	31	14	32	0	0	0	0	0
1028328901	46	39	43	51	0	39	48	18	44	33	0	0	23	0	27	49	43	44	23	0	0	0	0	0
1029307901	32	27	26	10	12	15	31	0	22	0	17	0	29	0	28	27	31	23	0	0	0	0	0	0
1030315301	39	29	28	26	15	12	28	13	12	16	12	0	14	0	17	24	32	39	15	0	0	0	0	0
103116022	29	25	39	19	15	12	15	13	7	14	11	0	16	0	13	37	25	12	0	0	0	0	0	0
1031824301	33	32	25	37	17	15	30	46	38	27	17	15	0	0	0	35	31	37	34	0	0	0	0	0
1032827101	29	26	23	40	15	17	36	32	27	15	18	21	17	0	21	29	31	32	19	0	0	0	0	0
1034803101	58	40	40	52	23	18	43	44	53	23	17	20	24	0	42	37	45	47	20	0	0	0	0	0
1035816701	31	23	20	21	13	14	31	11	9	5	17	0	8	0	21	18	28	28	15	0	0	0	0	0
1036806701	37	35	28	48	15	16	26	18	30	0	0	0	24	0	38	27	41	30	0	0	0	0	0	0
1037800501	30	26	29	23	0	34	29	16	38	17	0	0	17	0	23	29	34	28	14	0	0	0	0	0
1038800301	32	38	37	39	14	21	31	16	25	0	12	15	36	0	40	22	27	35	0	0	0	0	0	0
1039801301	51	45	43	57	1	34	58	0	43	0	0	0	48	0	53	36	40	47	0	0	0	0	0	0
1040822501	54	37	40	60	22	27	45	48	47	28	25	19	20	0	33	45	49	37	19	0	0	0	0	0
104116082	37	36	31	26	19	19	41	0	18	0	22	0	34	0	39	51	39	40	0	0	0	0	0	0
1041302101	28	22	32	16	15	18	33	0	12	0	9	0	33	0	35	21	28	34	0	0	0	0	0	0
1042404301	29	32	30	41	19	18	33	17	25	0	21	16	31	0	37	35	38	30	0	0	0	0	0	0
1043306901	34	32	26	36	22	17	34	30	30	20	13	11	16	0	29	36	32	37	23	0	0	0	0	0
1044307701	27	23	21	24	0	26	22	0	26	0	0	0	28	0	24	20	24	29	0	0	0	0	0	0
1045318901	27	22	26	36	10	16	29	14	31	0	0	0	28	0	40	22	24	28	0	0	0	0	0	0
1046324501	36	27	32	46	0	20	38	55	34	41	13	20	0	0	0	34	30	21	34	0	0	0	0	0
1047326101	25	33	28	32	0	35	32	0	30	0	0	0	30	0	37	37	34	31	0	0	0	0	0	0
1048328901	31	31	32	21	19	17	29	16	22	12	15	0	15	0	17	29	42	33	18	0	0	0	0	0
1050333901	40	24	33	35	0	21	28	13	24	16	0	0	14	0	26	22	30	22	13	0	0	0	0	0
1051007301	42	38	44	40	0	36	36	0	38	0	0	0	40	0	39	41	39	32	0	0	0	0	0	0
1052007701	48	51	50	30	32	0	46	25	28	20	49	0	26	0	31	54	66	48	26	0	0	0	0	0
1053009701	50	45	38	41	0	54	54	0	47	0	0	0	53	0	44	51	58	46	0	0	0	0	0	0
105301031	33	27	33	35	0	39	29	0	17	0	0	0	30	0	32	20	33	35	0	0	0	0	0	0
1054020501	48	34	37	45	24	21	48	38	42	33	18	25	22	0	26	46	46	44	15	0	0	0	0	0
1055016301	36	36	31	41	19	17	34	38	38	16	16	31	18	0	17	29	37	29	20	0	0	0	0	0
1057014701	34	27	27	23	0	33	33	0	27	0	0	0	29	0	27	20	27	23	0	0	0	0	0	0
1058009901	28	28	31	24	0	33	27	0	31	0	0	0	27	0	33	28	40	27	0	0	0	0	0	0
1059310901	23	23	27	12	0	33	14	30	17	26	0	0	0	0	0	32	32	14	19	0	0	0	0	0
1060302901	21	24	27	18	26	1	22	15	12	0	20	12	21	0	28	27	32	26	0	0	0	0	0	0
1061309301	46	34	38	20	18	22	40	0	19	0	21	0	36	0	46	29	41	40	0	0	0	0	0	0
1062301301	34	25	20	25	25	0	23	14	10	0	10	8	31	0	22	22	31	28	0	0	0	0	0	0
106301032	28	27	25	42	30	0	29	27	30	0	17	12	32	0	36	23	33	25	0	0	0	0	0	0
1063331501	50	50	53	45	0	43	54	26	55	23	0	0	30	0	31	37	50	47	26	0	0	0	0	0
1064331901	44	47	53	51	21	20	49	37	39	21	18	15	32	0	36	41	45	42	18	0	0	0	0	0
1065307801	24	26	21	0	27	0	22	0	0	0	20	0	24	0	29	21	24	29	0	0	0	0	0	0
1066300601	34	26	27	38	14	11	29	11	26	0	16	9	23	0	23	41	26	41	0	0	0	0	0	0
1067305201	39	27	35	26	36	0	29	36	24	7	38	33	21	0	29	25	31	32	15	0	0	0	0	0
1068305301	27	22	27	0	23	0	11	9	0	13	25	0	15	0	10	27	19	11	0	0	0	0	0	0
1069305601	29	27	33	27	0	28	34	0	28	0	0	0	34	0	31	22	23	29	0	0	0	0	0	0
1070309701	36	27	21	28	0	29	27	0	33	0	0	0	29	0	25	30	27	29	0	0	0	0	0	0
1071310701	42	23	22	34	18	19	28	23	33	18	9	25	14	0	18	33	27	28	11	0	0	0	0	0
1072310801	28	21	26	15	13	16	28	14	13	12	18	0	13	0	20	31	36	23	15	0	0	0	0	0
107301101	38	36	32	32	0	36	25	12	32	13	0	0	16	0	21	27	40	35	15	0	0	0	0	0
1073306701	32	42	34	24	16	19	37	18	53	0	8	18	34	0	29	31	32	30	0	0	0	0	0	0
1074415201	32	33	36	40	0	36	34	0	41	0	0	0	38	0	41	38	33	39	0	0	0	0	0	0
1075415202	34	36	37	32	0	32	41	0	37	0	0	0	35	0	37	41	34	44	0	0	0	0	0	0
1076406101	65	54	40	50	22	22	36	22	40	0	24	22	46	0	50	32	47	47	0	0	0	0	0	0
1077418301	34	28	27	28	18	13	29	15	44	0	0	0	32	0	33	34	34	29	0	0	0	0	0	0
1078415001	30	33	28	46	0	37	31	0	24	0	0	0	31	0	28	27	26	22	0	0	0	0	0	0
1079410601	47	32	34	45	13	19	42	31	45	24	27	15	20	0	29	32	47	38	14	0	0	0	0	0
1080414201	29	21	25	30	14	15	29	23	30	15	14	10	16	0	19	25	30	29	12	0	0	0	0	0
1081411201	24	29	22	32	14	11	23	15	21	0	0	0	25	0	26	23	24	17	0	0	0	0	0	0
1082416301	40	27	30	20	12	18	35	15	18	19	15	0	15	0	18	26	31	32	16	0	0	0	0	0
108303082	40	29	46	20	18	16	28	0	22	0	16	0	32	0	35	36	31	36	0	0	0	0	0	0
1083645101	37	29	25	38	1	38	48	14	39	15	0	0	16	0	26	28	31	49	33	0	0	0	0	0
1084649101	29	35	33	29	34	0	39	21	23	0	14	0	36	0	41	23	34	37	0	0	0	0	0	0
1085674901	39	24	39	33	0	35	31	0	34	0	0	0	29	0	26	32	31	42	0	0	0	0	0	0
1086675791	33	33	29	36	10	12	32	12	37	0	13	16	31	0	20	26	32	33	0	0	0	0	0	0
1087643301	30	32	29	31	28	0	31	16	14	0	32	17	36	0	38	28	34	29	0	0	0	0	0	0
1088603301	49	36	39	36	1	45	41	0	41	0	0	0	41	0	45	35	44	46	0	0	0	0	0	0
1089637701	46	46	44	22	21	21	35	23	21	25	18	0	29	0	40	31	42	42	22	0	0	0	0	0
1090670301	24	26	34	26	12	12	31	38	25	20	18	27	16	0	20	37	33	30	15	0	0	0	0	0
1091616501	27	22	23	25	0	27	24	0	37	0	0	0	23	0	20	34	28	25	0	0	0	0	0	0
1092662101	48	34	38	20	22	21	18	20	25	24	22	0	19	0	20	50	40	22	0	0	0	0	0	0
109303083	40	43	42	27	28	16	46	0	22	0	24	0	38	0	40	57	42	36	0	0	0	0	0	0
1093410201	42	38	38	43	1	64	43	0	39	0	0	0	60	0	54	39	48	45	0	0	0	0	0	0
1094410202	35	29	34	18	13	16	30	0	13	0	19	0	32	0	26	30	30	28	0	0	0	0	0	0
1095415601	39	33	26	38	1	35	31	0	28	0	0	0	31	0	31	24	45	27	0	0	0	0	0	0
1096407801	42	43	38	41	0	48	37	0	47	0	0	0	35	0	35	45	32	37	0	0	0	0	0	0
1097223901	22	29	22	1	30	0	37	0	0	0	31	0	32	0	30	28	29	34	0	0	0	0	0	0
1098222101	51	39	49	42	0	47	46	0	40	0	0	0	43	0	39	56	50	46	0	0	0	0	0	0
1099223302	25	31	24	15	13	10	30	20	13	12	21	0	15	0	25	27	31	29	16	0	0	0	0	0
1101303201	38	26	21	31	0	27	29	0	39	0	0	0	29	0	28	29	32	29	0	0	0	0	0	0
1102304001	31	19	23	29	30	1	33	24	21	0	27	21	22	0	32	20	26	30	0	0	0	0	0	0
110306031	36	33	35	33	1	26	35	20	36	20	0	0	20	0	32	42	35	40	16	0	0	0	0	0
1103307601	38	31	27	32	18	17	28	16	28	0	17	20	33	0	33	42	31	38	0	0	0	0	0	0
1104308401	42	50	48	29	21	26	43	0	35	0	25	0	23	0	49	13	50	38	0	0	0	0	0	0
1105309301	33	34	30	33	0	29	35	0	37	0	0	0	33	0	34	36	30	27	0	0	0	0	0	0
1106309302	35	25	24	46	16	15	27	25	39	20	0	0	15	0	26	23	28	34	21	0	0	0	0	0
1107311001	31	28	33	31	16	13	57	12	13	10	18	0	15	0	32	38	31	43	37	0	0	0	0	0
1108317201	32	29	26	27	0	34	32	0	36	0	0	0	33	0	33	25	31	30	0	0	0	0	0	0
1109317202	40	30	27	32	0	33	38	0	31	0	0	0	35	0	39	33	32	29	0	0	0	0	0	0
1110318701	58	55	49	60	24	37	59	56	51	28	33	32	22	0	49	48	57	65	28	0	0	0	0	0
1111319301	39	27	27	25	12	15	14	29	16	26	19	15	0	0	1	34	30	20	14	0	0	0	0	0
1112517801	41	24	30	34	17	13	32	12	26	0	23	0	30	0	23	18	26	28	0	0	0	0	0	0
111306051	24	39	35	32	40	0	35	17	14	0	29	17	31	0	32	40	47	30	0	0	0	0	0	0
1113557401	42	38	34	41	0	40	38	27	24	20	0	0	19	0	26	35	44	37	17	0	0	0	0	0
1114222501	53	42	41	44	0	39	45	0	53	0	0	0	20	0	35	29	47	32	0	0	0	0	0	0
1115534601	44	31	20	33	17	15	41	7	50	0	14	11	38	0	29	28	32	43	14	0	0	0	0	0
1116208702	44	41	31	55	18	23	47	44	57	26	24	44	23	0	42	44	49	49	18	0	0	0	0	0
1117525001	34	23	27	31	0	26	26	0	28	0	0	0	33	0	25	27	31	29	0	0	0	0	0	0
1118225101	29	32	25	22	30	0	30	14	10	0	14	0	30	0	29	33	31	30	0	0	0	0	0	0
1119561901	29	22	26	30	11	11	23	13	26	0	8	10	28	0	23	28	31	19	0	0	0	0	0	0
1120208701	45	36	31	34	0	45	37	0	40	0	0	0	42	0	41	37	35	39	0	0	0	0	0	0
1122217501	44	23	18	0	31	0	39	0	0	0	29	0	33	0	26	32	32	44	0	0	0	0	0	0
1123524701	37	35	41	41	15	23	36	29	40	16	14	29	16	0	22	39	36	40	24	0	0	0	0	0
1125533701	33	36	32	30	0	24	28	18	28	13	0	0	16	0	24	17	31	32	16	0	0	0	0	0
1126220301	31	21	26	22	21	0	29	26	14	13	24	29	12	0	21	30	24	22	16	0	0	0	0	0
1127231901	33	25	25	24	0	8	12	12	13	9	9	0	18	0	11	34	30	16	0	0	0	0	0	0
1128125001	27	25	29	31	12	21	30	12	21	0	13	0	0	0	29	0	29	34	0	0	0	0	0	0
1129125002	46	33	30	31	28	0	32	35	31	0	30	32	28	0	28	27	44	40	0	0	0	0	0	0
1130125901	35	34	34	34	1	39	31	0	36	0	0	0	28	0	37	41	32	39	0	0	0	0	0	0
1131137001	29	22	23	22	19	13	27	0	12	0	14	0	25	0	21	28	27	29	0	0	0	0	0	0
1132140901	24	26	28	38	15	16	25	10	34	0	10	16	39	0	34	23	36	24	0	0	0	0	0	0
113306062	35	28	25	28	0	30	34	14	29	0	0	0	31	0	27	26	37	28	0	0	0	0	0	0
1133814801	41	40	34	29	19	12	36	17	43	0	20	16	37	0	34	38	40	37	0	0	0	0	0	0
1134304501	28	35	27	37	0	28	31	0	31	0	0	0	37	0	26	29	33	27	0	0	0	0	0	0
1135327301	36	37	29	40	16	16	33	16	41	0	15	18	40	0	30	34	38	25	0	0	0	0	0	0
1136309301	31	29	32	15	15	16	28	0	20	0	19	0	36	0	27	28	26	31	0	0	0	0	0	0
1137118901	36	33	24	19	15	14	15	27	15	35	22	0	0	0	0	32	38	19	19	0	0	0	0	0
1138100101	24	19	23	22	0	28	33	0	30	0	0	0	26	0	27	21	29	25	0	0	0	0	0	0
1139102501	33	32	26	50	0	30	38	13	42	14	0	0	13	0	36	36	38	36	20	0	0	0	0	0
1140104501	43	29	41	55	0	29	59	32	66	25	0	42	16	0	30	34	30	50	39	0	0	0	0	0
1141109101	36	35	39	39	18	19	36	14	29	0	18	0	33	0	38	35	39	39	0	0	0	0	0	0
1142112701	39	33	33	42	0	34	21	0	28	0	0	0	33	0	39	32	37	31	0	0	0	0	0	0
114306102	35	22	32	14	10	13	28	15	13	15	13	0	12	0	23	24	32	37	18	0	0	0	0	0
1143306101	51	32	37	39	0	48	41	0	38	0	0	0	45	0	37	30	38	37	0	0	0	0	0	0
1144306901	41	31	36	46	1	48	36	0	50	0	0	0	50	0	41	45	52	49	0	0	0	0	0	0
1145306902	38	35	30	39	0	33	38	0	37	0	0	0	39	0	35	43	40	28	0	0	0	0	0	0
1146418701	58	46	53	41	23	22	24	26	36	19	15	0	28	0	24	46	48	26	0	0	0	0	0	0
1147414901	31	30	31	38	12	18	35	32	40	29	16	24	17	0	28	28	34	35	18	0	0	0	0	0
1148415501	41	39	34	21	21	30	45	20	26	26	25	0	23	0	40	33	37	48	26	0	0	0	0	0
1149417901	55	49	40	52	0	36	39	18	43	20	0	0	19	0	34	35	40	42	24	0	0	0	0	0
1150414501	26	31	37	39	16	15	26	17	23	0	16	14	36	0	40	31	42	18	0	0	0	0	0	0
1151210901	53	37	47	56	18	22	55	22	48	0	25	22	46	0	45	54	42	43	0	0	0	0	0	0
1153202102	36	40	45	20	19	20	41	0	29	0	17	0	38	0	36	33	36	36	0	0	0	0	0	0
1154200401	49	44	38	39	0	43	39	0	48	0	0	0	38	0	46	46	48	37	0	0	0	0	0	0
1155216701	34	35	24	20	12	14	31	0	16	0	11	0	15	0	32	11	26	32	0	0	0	0	0	0
1156206501	34	36	32	27	0	43	35	0	37	0	0	0	29	0	42	41	32	33	0	0	0	0	0	0
115700198	47	39	48	54	29	23	35	19	42	0	33	17	60	0	46	41	41	48	0	0	0	0	0	0
1157101101	37	27	30	39	14	13	29	54	40	35	14	13	0	0	0	30	32	26	35	0	0	0	0	0
1158102101	28	32	30	36	0	33	32	14	31	13	0	0	14	0	18	26	25	38	9	0	0	0	0	0
1159519001	50	47	43	47	28	26	40	41	39	23	18	50	24	0	30	35	48	47	20	0	0	0	0	0
1160534602	45	42	27	41	0	44	40	0	46	0	0	0	43	0	48	34	41	34	0	0	0	0	0	0
1161560701	42	27	27	30	30	0	30	38	21	17	27	23	13	0	23	23	34	29	12	0	0	0	0	0
1162610301	28	27	29	80	32	0	60	63	61	0	31	53	32	0	46	30	31	66	31	0	0	0	0	0
1163613101	49	46	40	34	14	19	46	0	29	0	26	0	42	0	43	34	42	40	0	0	0	0	0	0
1164621101	44	36	41	38	27	24	45	0	28	0	25	0	48	0	48	44	44	41	0	0	0	0	0	0
1165600901	39	32	29	35	0	41	36	0	32	0	0	0	36	0	34	30	39	33	0	0	0	0	0	0
1166506501	27	29	30	25	28	1	31	30	16	17	33	22	14	0	25	21	38	28	12	0	0	0	0	0
116724051	48	37	36	41	20	20	43	23	30	0	22	20	30	0	40	32	30	40	0	0	0	0	0	0
1167510101	34	33	25	26	25	0	37	13	12	0	31	13	36	0	33	22	37	36	0	0	0	0	0	0
1168514701	33	31	27	30	0	35	35	0	19	0	0	0	34	0	41	23	29	27	0	0	0	0	0	0
1169524101	27	38	33	31	0	26	31	0	42	0	0	0	32	0	37	32	32	26	0	0	0	0	0	0
1170503901	26	20	23	30	0	30	25	12	24	0	0	0	15	0	28	31	29	24	17	0	0	0	0	0
1171507301	55	37	40	38	0	47	36	0	39	0	0	0	41	0	49	41	35	43	0	0	0	0	0	0
1172507501	35	27	34	38	20	15	52	13	29	0	11	12	34	0	52	32	38	48	16	0	0	0	0	0
1174511301	54	46	47	52	18	24	42	18	47	0	21	22	48	0	49	45	43	45	0	0	0	0	0	0
1175511701	37	28	37	37	0	36	29	0	40	0	0	0	35	0	40	41	34	30	0	0	0	0	0	0
1176601101	44	50	41	32	40	0	43	22	18	0	53	24	44	0	36	45	41	47	0	0	0	0	0	0
117731031	46	36	43	54	22	30	44	46	37	16	22	19	22	0	40	44	48	38	26	0	0	0	0	0
1177609101	35	32	27	42	1	45	34	32	47	40	0	20	0	0	1	44	33	40	33	0	0	0	0	0
1178609102	27	28	29	55	0	36	55	30	54	15	0	20	17	0	24	33	28	49	35	0	0	0	0	0
1179619501	54	33	38	47	0	49	43	0	47	0	0	0	40	0	50	48	37	44	0	0	0	0	0	0
1180101501	30	26	32	32	0	33	30	0	28	0	0	0	32	0	36	27	28	38	0	0	0	0	0	0
11808031	39	38	31	33	0	40	39	0	31	0	0	0	41	0	33	28	30	43	0	0	0	0	0	0
1181107101	36	34	28	18	17	15	23	0	12	0	13	0	33	0	34	34	30	26	0	0	0	0	0	0
1183605501	29	27	33	41	12	10	30	14	40	0	18	17	32	0	32	43	34	29	0	0	0	0	0	0
118410051	39	31	36	28	35	0	38	16	20	0	35	18	41	0	39	45	36	41	0	0	0	0	0	0
1184611101	37	37	37	35	31	0	37	36	32	0	31	23	41	0	40	41	31	29	0	0	0	0	0	0
1185611601	28	28	23	31	0	23	25	13	26	11	0	0	14	0	17	31	28	21	11	0	0	0	0	0
1186600201	30	27	29	32	0	35	30	0	25	0	0	0	31	0	22	31	25	22	0	0	0	0	0	0
1187601202	26	28	27	20	15	10	27	16	11	20	15	15	14	0	27	26	32	30	15	0	0	0	0	0
1188124701	29	22	29	33	15	16	24	15	26	0	9	15	27	0	34	26	23	30	0	0	0	0	0	0
1189134901	29	30	30	33	0	26	31	0	29	0	0	0	31	0	39	28	35	24	0	0	0	0	0	0
1190114802	26	24	32	9	24	13	31	0	12	0	15	0	25	0	27	27	35	30	0	0	0	0	0	0
1191526001	29	21	30	33	15	20	26	21	26	24	13	15	13	0	19	37	29	27	13	0	0	0	0	0
119410052	31	41	39	22	18	20	32	0	17	0	19	0	33	0	37	37	44	37	0	0	0	0	0	0
1194402801	29	28	29	32	13	19	33	32	38	11	12	16	18	0	26	35	34	18	9	0	0	0	0	0
1195412401	34	32	34	36	14	15	25	13	22	0	12	10	38	0	27	27	32	27	0	0	0	0	0	0
1196421401	38	37	39	43	0	39	39	0	45	0	0	0	47	0	49	50	40	51	0	0	0	0	0	0
1197502501	37	27	34	38	16	11	39	21	49	0	16	13	30	0	30	35	36	35	0	0	0	0	0	0
1198546501	47	33	39	0	39	0	24	24	0	14	48	26	20	0	17	37	39	22	0	0	0	0	0	0
1199548101	30	35	38	46	0	43	39	35	36	43	0	19	0	0	0	38	40	39	40	0	0	0	0	0
1200535701	38	28	29	24	31	14	45	46	14	32	16	0	0	0	0	27	30	41	42	0	0	0	0	0
1201535702	33	33	40	36	0	41	35	16	30	23	0	0	17	0	30	43	28	39	15	0	0	0	0	0
1202536101	29	34	33	15	12	14	29	0	11	0	13	0	36	0	29	31	32	31	0	0	0	0	0	0
120416021	38	30	27	31	0	32	27	0	33	0	0	0	30	0	25	27	22	29	0	0	0	0	0	0
1204538102	34	29	38	30	2	36	36	0	37	0	0	0	36	0	38	27	42	36	0	0	0	0	0	0
1205554501	28	28	21	43	16	13	24	23	18	10	11	27	10	0	18	29	29	23	17	0	0	0	0	0
1206552501	24	27	30	15	0	24	28	12	27	9	0	0	10	0	24	21	32	26	12	0	0	0	0	0
1207301001	35	29	27	41	17	13	30	31	29	17	12	15	20	0	22	25	32	33	18	0	0	0	0	0
1208202601	34	24	18	25	0	23	24	0	19	0	0	0	32	0	25	34	20	24	0	0	0	0	0	0
1209209301	32	36	33	18	19	22	33	17	17	8	17	18	13	0	29	37	36	32	20	0	0	0	0	0
1210206401	40	44	40	26	21	18	45	0	24	0	18	0	47	0	44	39	45	42	0	0	0	0	0	0
1211205401	35	26	27	25	0	35	31	12	42	22	0	0	10	0	27	24	35	30	15	0	0	0	0	0
1212203001	39	40	41	23	15	21	18	18	23	12	24	0	20	0	20	47	40	27	0	0	0	0	0	0
1213208101	37	42	38	40	0	36	37	0	38	0	0	0	38	0	31	41	36	39	0	0	0	0	0	0
121418032	55	37	30	42	0	41	49	0	44	0	0	0	46	0	43	38	39	38	0	0	0	0	0	0
1214602101	32	31	29	23	0	45	38	0	30	0	0	0	33	0	34	42	30	33	0	0	0	0	0	0
1215630501	36	34	27	39	0	53	35	0	33	0	0	0	35	0	40	41	35	41	0	0	0	0	0	0
1216606101	25	25	34	21	22	15	27	0	13	0	16	0	36	0	25	28	32	37	0	0	0	0	0	0
1217612301	40	34	37	38	0	27	40	0	40	0	0	0	33	0	40	37	32	31	0	0	0	0	0	0
1218625501	40	37	34	44	24	16	32	25	33	0	23	19	40	0	38	36	42	36	0	0	0	0	0	0
1219602701	37	36	37	37	1	36	43	22	43	11	0	0	15	0	27	34	35	43	19	0	0	0	0	0
1220801701	27	25	28	36	16	13	40	18	23	0	17	11	33	0	48	23	27	49	13	0	0	0	0	0
1222818901	33	32	25	31	0	29	27	16	27	13	0	0	16	0	25	31	30	29	10	0	0	0	0	0
122309061	38	39	40	41	0	34	37	17	32	13	0	0	22	0	27	33	44	41	22	0	0	0	0	0
1223818501	29	27	28	31	0	33	22	0	27	0	0	0	35	0	31	23	33	47	0	0	0	0	0	0
1224835901	25	23	24	33	0	31	34	0	18	0	0	0	25	0	32	25	28	28	0	0	0	0	0	0
1226835501	50	48	50	50	19	25	50	20	49	0	19	24	39	0	45	61	56	55	0	0	0	0	0	0
1227828901	25	29	29	18	13	18	14	13	29	10	12	19	15	0	9	30	31	9	0	0	0	0	0	0
1228816501	39	43	41	35	0	30	49	0	45	0	0	0	33	0	40	33	37	40	0	0	0	0	0	0
1229509801	32	27	26	34	0	33	27	0	23	0	0	0	31	0	30	27	25	28	0	0	0	0	0	0
1230536501	29	26	29	34	0	35	30	0	44	0	0	0	29	0	28	31	35	36	0	0	0	0	0	0
1231532101	36	36	36	37	0	43	38	18	33	24	0	0	17	0	29	57	36	29	17	0	0	0	0	0
1232510901	35	32	37	24	20	18	31	0	18	0	20	0	36	0	35	31	30	26	0	0	0	0	0	0
123313091	31	30	30	33	0	28	40	0	29	0	0	0	30	0	31	36	29	28	0	0	0	0	0	0
1233501301	31	45	48	43	0	42	42	18	34	22	0	0	17	0	40	43	48	47	25	0	0	0	0	0
1235616502	24	27	30	26	0	22	27	0	30	0	0	0	23	0	34	24	22	29	0	0	0	0	0	0
1236209301	44	38	45	53	0	51	48	0	46	0	0	0	45	0	48	47	38	43	0	0	0	0	0	0
1237235701	32	27	24	28	0	34	28	0	26	0	0	0	21	0	29	29	31	27	0	0	0	0	0	0
1238224501	33	29	31	31	13	18	33	15	36	0	12	0	20	0	33	18	37	38	0	0	0	0	0	0
1239325901	39	27	29	22	14	16	12	14	11	8	10	0	13	0	22	31	30	12	0	0	0	0	0	0
1241322501	37	31	26	0	34	0	36	0	0	0	20	0	34	0	39	33	31	30	0	0	0	0	0	0
1242300101	41	33	35	42	0	40	33	0	38	0	0	0	47	0	32	29	32	37	0	0	0	0	0	0
124313101	38	37	33	33	0	36	44	0	38	0	0	0	29	0	35	29	29	41	0	0	0	0	0	0
1243300102	56	44	59	65	30	28	47	28	53	0	22	22	48	0	59	50	56	54	0	0	0	0	0	0
1244303302	25	30	40	20	15	15	33	0	16	0	20	0	37	0	45	38	31	39	0	0	0	0	0	0
1245314301	42	60	50	55	0	51	55	29	61	27	0	23	29	0	41	62	52	59	24	0	0	0	0	0
1246402801	38	39	34	51	35	1	61	61	29	18	39	31	23	0	32	34	36	54	40	0	0	0	0	0
1247403701	49	41	54	29	26	27	44	0	26	0	17	0	53	0	47	48	47	51	0	0	0	0	0	0
1248403701	56	56	48	43	0	44	47	30	65	23	0	0	26	0	31	61	51	53	28	0	0	0	0	0
1249232701	25	25	27	29	0	27	25	17	23	20	0	0	16	0	25	26	30	33	14	0	0	0	0	0
1250226501	36	31	32	35	0	35	39	0	44	0	0	0	43	0	46	39	42	37	0	0	0	0	0	0
1251233701	37	24	35	29	0	30	32	0	23	0	0	0	30	0	29	31	31	26	0	0	0	0	0	0
1252327301	39	36	40	44	0	44	37	0	34	0	0	0	45	0	42	41	41	41	0	0	0	0	0	0
125318061	26	29	26	32	0	37	28	15	39	16	0	0	18	0	25	27	27	37	14	0	0	0	0	0
1253306101	35	25	33	46	12	15	37	20	34	0	19	21	26	0	29	30	34	28	0	0	0	0	0	0
1254306102	34	29	28	33	0	39	33	0	30	0	0	0	35	0	29	29	31	27	0	0	0	0	0	0
1255325901	37	35	32	35	0	28	32	0	30	0	0	0	36	0	38	32	33	34	0	0	0	0	0	0
1257013101	57	30	31	32	15	19	30	28	40	23	20	36	20	0	28	32	35	34	15	0	0	0	0	0
1258529501	43	39	51	34	23	29	39	0	17	0	20	0	40	0	30	35	46	39	0	0	0	0	0	0
1261523701	32	21	27	27	0	22	27	0	31	0	0	0	31	0	26	23	30	29	0	0	0	0	0	0
1262524101	41	51	43	44	0	41	48	20	35	27	0	0	16	0	28	48	46	47	18	0	0	0	0	0
126322071	38	35	40	31	0	39	35	0	34	0	0	0	31	0	43	27	28	33	0	0	0	0	0	0
1263534501	41	33	28	34	0	35	35	14	34	20	0	15	20	0	25	39	40	26	17	0	0	0	0	0
1264618401	33	41	37	31	21	25	41	0	20	0	0	0	35	0	39	36	39	42	0	0	0	0	0	0
1265619701	24	31	23	34	14	12	22	16	20	0	8	18	32	0	29	29	27	32	0	0	0	0	0	0
1266700901	41	34	34	41	0	37	41	0	32	0	0	0	41	0	28	39	42	41	0	0	0	0	0	0
1267601501	26	26	22	36	0	28	26	0	25	0	0	0	32	0	23	27	29	26	0	0	0	0	0	0
1269611501	29	31	28	32	0	32	28	0	23	0	0	0	29	0	24	31	31	24	0	0	0	0	0	0
1270318701	40	33	38	41	18	17	32	13	35	0	16	0	37	0	38	31	35	42	0	0	0	0	0	0
1271304902	39	32	42	26	0	36	34	0	39	0	0	0	41	0	36	42	31	31	0	0	0	0	0	0
1272231301	37	25	35	33	0	35	37	0	27	0	0	0	40	0	36	43	41	33	0	0	0	0	0	0
1273214701	43	29	27	68	16	35	46	33	36	18	0	0	17	0	29	35	34	48	36	0	0	0	0	0
1274204501	26	38	27	37	0	33	33	19	32	12	0	0	17	0	35	40	33	36	16	0	0	0	0	0
1275529101	40	37	38	19	18	13	38	0	21	0	16	0	42	0	36	42	32	45	0	0	0	0	0	0
1277601601	40	30	28	32	0	36	29	30	23	39	0	35	0	0	0	25	32	31	33	0	0	0	0	0
1278601602	45	39	51	47	0	48	46	0	41	0	0	0	45	0	40	39	43	43	0	0	0	0	0	0
127923021	29	25	28	0	28	0	23	0	0	0	30	0	26	0	26	18	28	30	0	0	0	0	0	0
1279606101	43	28	36	41	0	37	30	0	28	0	0	0	38	0	47	35	43	37	0	0	0	0	0	0
1280605801	48	45	41	40	0	46	43	0	47	0	0	0	49	0	37	42	44	42	0	0	0	0	0	0
12813033	42	37	31	25	17	24	47	22	26	18	19	0	17	0	28	34	43	43	24	0	0	0	0	0
1281608201	30	27	25	29	32	0	28	19	19	0	36	0	42	0	29	25	32	26	0	0	0	0	0	0
1282622601	35	30	39	37	0	47	39	0	45	0	0	0	40	0	44	41	39	31	0	0	0	0	0	0
1283622602	36	31	33	33	1	30	26	0	26	0	0	0	36	0	36	22	40	29	0	0	0	0	0	0
1284314601	29	31	31	37	17	22	30	38	26	15	15	31	14	0	27	31	34	30	18	0	0	0	0	0
1285201401	33	19	32	37	12	16	30	12	40	0	18	16	27	0	35	29	26	28	0	0	0	0	0	0
1286518101	31	25	31	23	28	0	13	31	11	12	29	0	0	0	18	13	32	16	0	0	0	0	0	0
1287202101	37	22	26	37	1	26	28	0	34	0	0	0	26	0	32	24	30	24	0	0	0	0	0	0
1288305901	43	29	32	33	0	30	27	0	45	0	0	0	14	0	33	13	33	28	0	0	0	0	0	0
128909102	48	41	44	22	23	18	43	0	19	0	22	0	48	0	44	32	46	50	0	0	0	0	0	0
1292014101	43	33	33	44	0	30	38	19	31	15	0	0	15	0	22	30	34	34	27	0	0	0	0	0
1294003701	29	33	22	31	0	23	28	0	34	0	0	0	25	0	35	28	29	33	0	0	0	0	0	0
1295009501	21	20	36	17	17	15	36	0	13	0	9	0	35	0	41	29	31	40	0	0	0	0	0	0
1296010301	41	31	26	34	21	9	31	0	15	0	14	0	37	0	39	39	29	41	0	0	0	0	0	0
1297013901	36	32	36	23	31	0	27	44	23	32	33	35	0	0	0	40	35	31	24	0	0	0	0	0
1298019101	41	50	45	53	43	0	41	60	42	13	47	71	20	0	27	48	46	52	30	0	0	0	0	0
1299323301	26	27	33	0	31	0	32	18	0	22	39	13	16	0	27	29	31	29	14	0	0	0	0	0
1300308501	37	24	29	30	0	30	34	0	35	0	0	0	33	0	32	34	29	37	0	0	0	0	0	0
1301619901	43	36	42	42	21	19	35	31	28	17	17	13	17	0	30	40	37	33	21	0	0	0	0	0
1302824301	37	34	34	38	18	15	43	17	16	0	18	13	37	0	24	39	33	36	0	0	0	0	0	0
1303610901	36	28	32	42	12	19	26	33	34	21	19	19	12	0	13	31	33	24	14	0	0	0	0	0
1304510501	33	38	33	19	21	19	47	19	16	15	23	0	18	0	26	34	35	65	44	0	0	0	0	0
1305612401	37	31	30	45	17	18	32	18	34	0	15	0	17	0	51	25	30	33	0	0	0	0	0	0
1306837101	54	50	52	37	51	0	49	44	22	24	54	24	21	0	37	51	51	47	22	0	0	0	0	0
1307701101	53	40	37	51	23	21	42	17	43	0	22	25	45	0	38	32	48	45	0	0	0	0	0	0
130900253	29	26	33	31	0	37	25	15	38	16	0	0	15	0	20	43	28	37	16	0	0	0	0	0
1309534301	41	39	36	55	16	16	35	19	24	0	17	17	42	0	37	33	37	36	0	0	0	0	0	0
1310570901	18	23	23	31	0	29	30	0	40	0	0	0	26	0	26	18	27	18	0	0	0	0	0	0
1311000301	28	25	27	37	0	28	28	0	37	0	0	0	28	0	34	24	31	30	0	0	0	0	0	0
1312401501	34	34	31	40	0	43	36	17	48	25	0	0	24	0	26	42	30	30	14	0	0	0	0	0
1313411701	39	32	30	34	0	37	32	18	36	12	0	0	19	0	21	34	38	27	18	0	0	0	0	0
1314207601	39	26	29	24	15	19	28	0	23	0	16	0	39	0	26	36	27	28	0	0	0	0	0	0
1315510301	43	41	36	41	15	18	28	36	30	22	17	34	20	0	31	30	39	33	23	0	0	0	0	0
1316014101	46	42	41	46	1	44	41	0	47	0	0	0	39	0	40	36	48	39	0	0	0	0	0	0
1317223701	37	33	24	39	0	37	23	16	36	6	0	0	16	0	23	28	36	35	17	0	0	0	0	0
131909101	26	27	27	31	0	33	29	0	26	0	0	0	30	0	30	26	28	29	0	0	0	0	0	0
1319604602	26	35	38	28	0	23	39	17	31	30	18	0	22	0	23	32	33	31	17	0	0	0	0	0
1321617901	22	22	20	34	22	0	26	24	21	0	23	23	26	0	17	26	27	29	0	0	0	0	0	0
1322616701	33	26	29	29	0	32	30	0	33	0	0	0	33	0	27	18	26	17	0	0	0	0	0	0
1323600501	31	36	38	42	18	19	40	37	33	14	17	12	13	0	32	39	22	37	38	0	0	0	0	0
1324616101	37	33	40	40	0	38	35	0	41	0	0	0	42	0	43	38	40	31	0	0	0	0	0	0
1326613901	49	54	44	57	24	24	45	28	53	0	21	26	50	0	49	57	43	53	0	0	0	0	0	0
1328603701	48	38	43	39	0	48	35	17	42	22	0	21	18	0	27	40	47	45	16	0	0	0	0	0
132936052	33	27	27	28	12	19	26	31	24	15	18	24	14	0	19	36	26	26	14	0	0	0	0	0
1329603702	39	32	30	44	0	41	28	20	39	31	0	18	13	0	21	14	39	24	18	0	0	0	0	0
1330617501	46	32	32	28	0	32	29	15	36	19	0	0	14	0	19	21	34	23	11	0	0	0	0	0
1332703401	53	48	51	45	0	50	37	0	47	0	0	0	52	0	53	44	46	39	0	0	0	0	0	0
1333214001	39	29	30	32	0	40	30	0	26	0	0	0	28	0	31	36	32	31	0	0	0	0	0	0
1334717501	34	27	23	32	0	30	29	0	33	0	0	0	29	0	38	33	25	23	0	0	0	0	0	0
1335501701	27	20	24	21	0	26	24	0	26	0	0	0	22	0	27	33	28	25	0	0	0	0	0	0
1336507301	35	33	37	42	0	35	40	17	34	16	0	0	18	0	32	41	45	44	18	0	0	0	0	0
1337513301	41	35	29	21	0	12	15	13	13	11	14	0	15	0	9	30	28	16	0	0	0	0	0	0
1338519701	37	36	38	35	19	14	28	19	26	0	10	14	32	0	36	30	30	32	0	0	0	0	0	0
133918061	33	26	35	43	0	39	30	13	30	17	0	0	17	0	23	26	25	27	22	0	0	0	0	0
1339531301	35	32	34	36	0	40	33	23	32	17	0	0	16	0	32	34	37	42	18	0	0	0	0	0
1340826701	31	27	32	38	0	27	29	0	29	0	0	0	30	0	28	40	31	31	0	0	0	0	0	0
1341317021	53	51	49	33	24	23	55	28	29	25	26	0	21	0	41	58	52	60	27	0	0	0	0	0
1342817101	31	35	32	45	0	41	38	20	31	25	0	0	21	0	24	38	32	49	21	0	0	0	0	0
1343317022	53	50	51	50	0	43	39	19	68	0	0	20	49	0	36	50	47	37	0	0	0	0	0	0
1344203301	37	35	37	0	32	0	19	18	0	19	34	0	20	0	15	41	29	18	0	0	0	0	0	0
134901092	34	32	33	33	0	33	32	0	36	0	0	0	33	0	28	29	29	33	0	0	0	0	0	0
135901091	38	31	25	35	0	32	37	0	32	0	0	0	30	0	26	32	29	31	0	0	0	0	0	0
136923081	29	28	31	25	0	32	29	0	36	0	0	0	33	0	29	27	32	26	0	0	0	0	0	0
137701061	46	28	28	39	0	30	34	16	30	12	0	0	17	0	28	34	40	33	21	0	0	0	0	0
138106041	44	36	32	44	0	39	41	0	37	0	0	0	44	0	40	46	34	32	0	0	0	0	0	0
13813041	55	53	56	42	27	28	56	0	27	0	26	0	65	0	68	46	60	50	0	0	0	0	0	0
139111041	26	24	27	19	0	28	22	13	19	10	0	0	13	0	14	19	24	16	15	0	0	0	0	0
140706102	26	23	21	23	0	24	22	0	29	0	0	0	22	0	27	30	27	21	0	0	0	0	0	0
141707011	51	43	41	37	0	42	39	0	38	0	0	0	47	0	41	36	50	56	0	0	0	0	0	0
142707081	32	34	30	15	12	18	37	0	12	0	15	0	30	0	37	22	38	38	0	0	0	0	0	0
143709042	34	37	36	29	0	37	33	0	45	0	0	0	43	0	42	45	39	25	0	0	0	0	0	0
145709101	48	45	34	0	48	0	34	0	0	0	41	0	41	0	43	33	43	35	0	0	0	0	0	0
146509051	44	34	36	24	21	27	41	27	23	26	20	0	18	0	23	42	48	39	27	0	0	0	0	0
147213061	22	18	24	20	8	20	27	12	18	13	9	0	14	0	18	21	22	21	10	0	0	0	0	0
148213091	33	26	30	28	32	0	30	17	29	0	34	14	30	0	36	29	30	29	0	0	0	0	0	0
14833012	41	36	28	27	0	29	26	0	37	0	0	0	34	0	35	35	36	31	0	0	0	0	0	0
149213051	35	34	39	31	0	34	35	17	37	19	0	0	18	0	29	32	38	38	15	0	0	0	0	0
150228101	29	29	32	23	14	21	15	20	19	14	16	0	15	0	12	37	30	14	0	0	0	0	0	0
151228102	25	24	19	23	0	37	26	0	24	0	0	0	24	0	23	30	28	19	0	0	0	0	0	0
152206101	59	45	43	29	25	22	46	0	16	0	24	0	45	0	46	44	52	55	0	0	0	0	0	0
153206102	38	34	42	21	21	22	40	19	16	26	21	0	16	0	29	24	40	38	25	0	0	0	0	0
154224081	42	31	28	33	19	13	40	34	37	23	22	19	15	0	20	31	30	26	17	0	0	0	0	0
155224111	34	26	33	31	0	21	20	0	14	0	0	0	15	0	17	14	39	23	0	0	0	0	0	0
156202031	44	28	34	51	18	21	41	44	58	14	18	15	16	0	24	29	38	38	26	0	0	0	0	0
157610031	43	31	25	23	21	18	28	0	11	0	16	0	32	0	33	30	40	32	0	0	0	0	0	0
15843041	38	28	31	14	17	22	37	0	24	0	14	0	19	0	32	18	38	41	0	0	0	0	0	0
158718101	27	38	31	0	27	0	0	38	0	46	20	20	0	0	0	29	26	0	0	0	0	0	0	0
159210011	37	27	34	42	0	38	36	0	36	0	0	0	37	0	36	41	37	40	0	0	0	0	0	0
160230011	35	36	32	19	18	20	38	40	16	34	17	0	0	0	0	23	36	46	41	0	0	0	0	0
161230101	32	37	44	21	15	17	29	0	23	0	16	0	38	0	36	36	31	36	0	0	0	0	0	0
162910071	28	33	34	43	0	44	38	0	22	0	0	0	42	0	36	37	35	40	0	0	0	0	0	0
163910072	43	33	28	38	16	21	34	12	36	0	12	21	29	0	35	30	27	40	0	0	0	0	0	0
164919041	39	46	35	46	1	37	52	0	56	0	0	0	41	0	43	33	38	35	0	0	0	0	0	0
165919051	33	27	24	19	12	17	33	0	13	0	11	0	34	0	27	18	31	20	0	0	0	0	0	0
166919061	31	28	21	16	17	16	33	0	20	0	7	0	29	0	23	28	31	27	0	0	0	0	0	0
167919062	38	35	36	24	15	19	41	16	14	19	22	0	21	0	31	27	35	31	21	0	0	0	0	0
168921021	43	32	28	37	0	48	38	0	38	0	0	0	15	0	32	11	43	28	0	0	0	0	0	0
16907052	24	25	28	31	0	34	29	0	35	0	0	0	35	0	36	34	43	31	0	0	0	0	0	0
169640071	30	29	32	25	0	28	28	0	35	0	0	0	30	0	24	25	29	29	0	0	0	0	0	0
170918061	37	27	23	35	0	26	30	0	34	0	0	0	33	0	31	30	33	32	0	0	0	0	0	0
172901102	56	35	40	37	1	36	53	0	39	0	0	0	40	0	33	41	54	47	0	0	0	0	0	0
174003031	37	33	29	23	16	18	12	11	17	11	15	0	15	0	16	24	37	18	0	0	0	0	0	0
175020072	27	20	28	25	16	18	32	12	29	0	9	13	24	0	27	23	27	32	0	0	0	0	0	0
177023091	30	23	30	22	10	11	30	0	15	0	16	0	25	0	28	25	43	34	0	0	0	0	0	0
178718051	43	25	23	42	31	0	35	41	34	17	36	44	17	0	18	28	27	40	13	0	0	0	0	0
17912032	35	26	40	25	36	0	38	18	18	0	39	0	15	0	42	18	36	38	0	0	0	0	0	0
179800101	29	24	34	25	0	13	29	10	12	11	16	0	12	0	25	21	30	23	16	0	0	0	0	0
180806071	44	35	40	37	0	37	39	0	49	0	0	0	42	0	42	45	32	45	0	0	0	0	0	0
181806072	41	33	31	55	0	18	39	33	53	0	12	0	37	0	30	29	39	32	0	0	0	0	0	0
182806101	37	22	26	25	16	16	30	21	27	11	16	30	13	0	15	27	30	23	10	0	0	0	0	0
183810061	35	30	20	38	30	0	32	65	33	28	33	68	0	0	0	26	32	32	39	0	0	0	0	0
184817091	41	25	35	38	0	35	38	0	31	0	0	0	38	0	31	38	39	33	0	0	0	0	0	0
185706052	37	21	27	18	15	9	10	11	11	12	14	0	16	0	19	25	27	18	0	0	0	0	0	0
186905062	30	31	24	26	0	29	27	11	22	12	0	0	16	0	21	39	31	42	11	0	0	0	0	0
187914081	44	36	33	34	0	36	46	0	38	0	0	0	47	0	43	47	35	45	0	0	0	0	0	0
188711071	38	38	34	0	42	1	41	15	0	21	33	0	19	0	19	29	44	24	16	0	0	0	0	0
18912051	50	35	45	55	0	56	43	0	39	0	0	0	41	0	39	34	48	48	0	0	0	0	0	0
189711051	47	33	32	57	36	0	31	37	28	0	37	33	20	0	33	16	34	42	0	0	0	0	0	0
190731091	41	36	36	39	18	22	40	21	31	0	24	19	39	0	30	28	40	32	0	0	0	0	0	0
191735081	26	25	34	20	12	12	20	13	9	14	14	0	19	0	16	33	35	20	0	0	0	0	0	0
192723061	26	24	29	34	0	35	29	0	26	0	0	0	36	0	29	33	22	26	0	0	0	0	0	0
19309051	48	44	46	52	0	54	52	0	39	0	0	0	53	0	51	49	47	41	0	0	0	0	0	0
193200178	33	37	29	33	0	37	35	20	31	13	0	0	16	0	25	28	35	35	17	0	0	0	0	0
194211031	34	28	31	46	32	0	30	35	32	0	32	31	33	0	35	36	35	35	0	0	0	0	0	0
195211032	42	31	32	42	21	17	46	20	33	0	0	0	18	0	46	15	40	39	0	0	0	0	0	0
196216032	25	25	23	33	17	10	27	24	26	17	16	20	11	0	9	27	25	25	17	0	0	0	0	0
197226051	23	23	25	0	12	18	13	0	14	9	8	0	9	0	14	12	22	9	0	0	0	0	0	0
198305011	25	29	23	26	0	28	32	0	22	0	0	0	26	0	26	32	34	30	0	0	0	0	0	0
201320081	31	31	32	22	16	0	29	17	16	13	25	0	14	0	21	21	31	35	17	0	0	0	0	0
202320082	35	35	30	25	33	0	35	32	14	18	32	17	11	0	31	37	35	30	18	0	0	0	0	0
203323011	33	35	29	38	13	24	37	38	33	18	8	33	24	0	20	39	41	37	16	0	0	0	0	0
204327071	43	33	35	39	15	23	42	36	54	25	17	28	15	0	31	32	42	44	20	0	0	0	0	0
205300083	45	22	29	30	0	33	34	0	29	0	0	0	28	0	25	27	32	25	0	0	0	0	0	0
206701082	47	32	36	46	0	41	35	0	33	0	0	0	43	0	34	40	33	36	0	0	0	0	0	0
207701083	50	54	63	63	0	55	51	0	60	0	0	0	60	0	66	51	48	50	0	0	0	0	0	0
208320012	26	24	30	25	0	35	38	15	34	0	0	0	35	0	33	28	32	25	0	0	0	0	0	0
209320091	26	29	33	20	19	13	31	0	11	0	16	0	29	0	30	29	31	36	0	0	0	0	0	0
210322011	37	32	26	18	19	15	37	0	14	0	17	0	33	0	26	23	30	36	0	0	0	0	0	0
210800010	53	42	38	58	0	47	48	27	36	18	0	0	26	0	33	53	49	53	17	0	0	0	0	0
210800011	33	27	33	37	0	26	28	19	20	10	0	0	12	0	17	34	37	34	23	0	0	0	0	0
210800012	23	24	27	20	14	14	25	0	12	0	14	0	31	0	38	26	35	31	0	0	0	0	0	0
210800013	30	28	29	38	12	14	34	24	27	13	14	18	15	0	18	21	29	23	17	0	0	0	0	0
210800014	37	34	31	38	0	38	31	0	22	0	0	0	35	0	29	30	32	30	0	0	0	0	0	0
210800015	30	36	40	46	34	1	35	33	30	0	39	39	35	0	47	32	35	43	0	0	0	0	0	0
210800016	39	46	45	29	27	29	46	0	20	0	31	0	51	0	43	54	47	40	0	0	0	0	0	0
210800017	32	35	50	46	18	24	36	39	37	14	24	22	19	0	34	35	36	36	23	0	0	0	0	0
210800018	20	25	24	38	0	27	33	17	42	25	0	0	13	0	15	25	29	25	14	0	0	0	0	0
210800019	33	26	28	36	14	15	26	12	30	0	15	15	34	0	26	32	28	35	0	0	0	0	0	0
210800020	43	41	38	25	20	15	41	0	14	0	18	0	39	0	40	37	37	35	0	0	0	0	0	0
210800021	35	27	31	26	0	44	28	0	42	0	0	0	37	0	44	23	40	31	0	0	0	0	0	0
210800022	43	48	48	47	0	46	39	20	33	16	0	0	23	0	26	55	42	49	24	0	0	0	0	0
210800023	36	34	36	35	21	16	39	18	26	0	12	14	32	0	37	26	36	32	0	0	0	0	0	0
210800024	44	30	32	41	35	1	30	49	40	13	39	30	19	0	29	39	39	28	15	0	0	0	0	0
210800025	42	30	36	21	18	20	36	15	23	24	20	0	22	0	22	37	37	31	24	0	0	0	0	0
210800026	34	26	27	18	15	21	34	17	19	21	13	0	16	0	21	48	30	24	19	0	0	0	0	0
210800027	26	32	28	38	0	31	29	0	31	0	0	0	33	0	34	40	33	21	0	0	0	0	0	0
210800028	33	27	29	38	0	33	30	19	44	14	0	0	19	0	26	33	37	36	9	0	0	0	0	0
210800029	40	31	31	40	1	39	41	0	44	0	0	0	39	0	39	40	35	33	0	0	0	0	0	0
210800030	30	34	28	35	0	31	31	14	39	10	0	0	13	0	20	24	30	31	15	0	0	0	0	0
210800031	37	34	36	23	20	18	37	0	14	0	23	0	42	0	39	33	35	36	0	0	0	0	0	0
210800032	26	34	31	34	0	36	31	0	51	0	0	0	32	0	29	29	32	24	0	0	0	0	0	0
210800033	39	27	31	18	20	12	50	0	14	0	24	0	44	0	44	26	45	37	0	0	0	0	0	0
210800034	33	21	28	40	13	20	34	16	27	0	13	14	30	0	27	35	30	20	0	0	0	0	0	0
210800035	44	33	37	49	27	18	42	45	40	18	17	21	23	0	28	33	38	41	20	0	0	0	0	0
210800036	30	39	37	22	18	14	34	12	13	21	29	0	20	0	29	34	32	42	20	0	0	0	0	0
210800037	25	30	21	16	12	10	28	0	13	0	15	0	28	0	25	24	31	24	0	0	0	0	0	0
210800038	35	38	32	31	0	49	40	14	34	19	0	0	20	0	27	39	39	34	20	0	0	0	0	0
210800039	45	35	33	49	0	39	33	17	40	25	0	18	19	0	28	46	36	33	19	0	0	0	0	0
210800040	49	43	42	20	19	20	38	0	19	0	20	0	38	0	44	35	44	49	0	0	0	0	0	0
210800041	44	38	41	62	38	0	65	71	25	17	38	81	20	0	34	43	43	63	48	0	0	0	0	0
210800042	56	39	42	52	23	23	40	46	49	21	26	49	27	0	36	41	45	46	18	0	0	0	0	0
210800043	34	36	34	0	38	0	35	16	0	8	34	20	22	0	24	38	43	38	14	0	0	0	0	0
210800044	42	32	29	32	17	21	35	48	34	37	15	35	0	0	0	39	42	36	41	0	0	0	0	0
210800045	42	35	27	33	0	45	41	0	31	0	0	0	35	0	39	34	40	41	0	0	0	0	0	0
210800046	36	31	38	19	12	18	40	21	21	16	21	0	17	0	29	43	36	34	22	0	0	0	0	0
210800047	35	31	37	33	0	43	30	18	27	15	0	0	19	0	28	29	35	33	17	0	0	0	0	0
210800048	31	23	27	23	11	9	26	20	15	17	12	0	14	0	23	35	29	25	17	0	0	0	0	0
210800049	51	33	28	56	19	21	28	33	37	24	25	34	13	0	38	33	31	37	20	0	0	0	0	0
210800050	40	24	30	26	0	24	38	12	26	18	0	0	16	0	20	20	32	36	17	0	0	0	0	0
210800051	46	30	24	33	0	41	35	0	41	0	0	0	29	0	36	35	31	42	0	0	0	0	0	0
210800052	38	24	26	38	0	34	33	0	35	0	0	0	31	0	30	32	32	25	0	0	0	0	0	0
210800053	33	28	27	32	0	33	25	17	29	13	0	0	18	0	15	26	36	25	17	0	0	0	0	0
210800054	33	33	40	25	0	45	30	0	50	0	0	0	34	0	48	29	32	34	0	0	0	0	0	0
210800055	35	31	31	55	18	23	49	48	45	19	19	37	15	0	28	37	31	50	38	0	0	0	0	0
210800056	30	27	36	17	14	21	29	0	17	0	14	0	38	0	32	26	33	28	0	0	0	0	0	0
210800057	34	51	48	47	0	45	40	0	35	0	0	0	36	0	35	34	45	43	0	0	0	0	0	0
210800058	33	34	44	36	1	43	39	0	44	0	0	0	33	0	34	50	38	40	0	0	0	0	0	0
210800059	58	41	44	30	15	20	45	0	20	0	20	0	44	0	48	44	48	41	0	0	0	0	0	0
210800060	27	20	31	39	0	29	35	0	30	0	0	0	32	0	30	33	27	31	0	0	0	0	0	0
210800061	32	31	30	40	0	28	37	0	37	0	0	0	40	0	35	26	42	34	0	0	0	0	0	0
210800062	30	32	31	35	14	20	30	18	34	0	18	19	37	0	46	29	34	26	0	0	0	0	0	0
210800063	28	28	22	12	12	12	30	0	16	0	11	0	35	0	28	27	28	30	0	0	0	0	0	0
210800064	31	25	27	17	13	17	25	13	12	12	11	0	12	0	27	19	29	30	12	0	0	0	0	0
210800065	31	27	23	34	0	39	35	0	25	0	0	0	42	0	28	30	33	21	0	0	0	0	0	0
210800066	28	36	32	44	14	23	35	36	42	14	18	39	17	0	23	32	40	37	18	0	0	0	0	0
210800067	37	21	25	18	12	16	32	0	10	0	17	0	34	0	31	27	33	30	0	0	0	0	0	0
210800070	27	26	34	25	21	1	28	15	9	0	23	18	29	0	25	24	23	28	0	0	0	0	0	0
210800071	54	57	61	57	29	22	59	26	53	0	23	21	52	0	48	59	48	53	0	0	0	0	0	0
210800072	34	28	39	26	0	31	38	0	40	0	0	0	35	0	34	31	36	34	0	0	0	0	0	0
210800073	34	37	42	46	0	43	36	22	20	14	0	13	18	0	33	49	36	43	15	0	0	0	0	0
210800074	39	39	36	53	21	14	38	26	38	0	15	19	35	0	42	40	45	48	0	0	0	0	0	0
210800075	49	49	43	47	0	39	41	21	43	25	0	0	21	0	35	48	44	42	16	0	0	0	0	0
210800076	27	26	32	25	0	31	30	0	23	0	0	0	31	0	25	27	37	29	0	0	0	0	0	0
210800077	37	36	45	46	0	47	41	0	41	0	0	0	45	0	40	40	36	43	0	0	0	0	0	0
210800078	32	25	23	32	0	35	27	11	27	14	0	0	15	0	12	35	30	31	17	0	0	0	0	0
210800079	34	29	37	42	34	0	34	62	46	34	37	60	0	0	0	40	32	37	31	0	0	0	0	0
210800081	28	21	27	0	38	0	16	11	0	13	25	0	13	0	9	26	31	16	0	0	0	0	0	0
210800082	37	26	30	33	12	17	32	13	27	0	15	13	33	0	33	23	28	32	0	0	0	0	0	0
210800083	36	31	34	33	0	49	51	0	55	0	0	0	32	0	52	40	64	61	0	0	0	0	0	0
210800084	30	28	28	18	13	13	28	11	18	19	10	0	14	0	23	29	30	26	18	0	0	0	0	0
210800085	31	29	32	19	15	17	41	0	19	0	21	0	40	0	42	37	32	33	0	0	0	0	0	0
210800086	36	33	26	35	0	25	34	0	31	0	0	0	30	0	26	25	27	30	0	0	0	0	0	0
210800087	32	32	34	42	19	16	33	37	33	16	18	16	13	0	25	29	32	27	13	0	0	0	0	0
210800088	36	29	27	41	0	30	30	0	36	0	0	0	39	0	28	32	39	33	0	0	0	0	0	0
210800089	31	28	37	16	19	15	35	16	22	14	12	0	23	0	29	30	32	32	14	0	0	0	0	0
210800091	25	27	31	38	24	0	25	48	34	15	29	44	14	0	11	30	35	35	14	0	0	0	0	0
210800092	25	29	26	35	0	29	36	0	32	0	0	0	24	0	28	30	22	26	0	0	0	0	0	0
210800093	40	31	24	29	18	18	16	16	15	10	11	0	19	0	11	32	36	17	0	0	0	0	0	0
210800094	37	26	25	32	0	33	34	0	33	0	0	0	28	0	32	29	33	28	0	0	0	0	0	0
210800095	45	39	32	57	21	23	37	18	53	0	22	21	40	0	36	32	40	35	0	0	0	0	0	0
210800100	32	29	26	20	19	13	28	14	14	15	16	0	15	0	28	31	37	33	16	0	0	0	0	0
210800101	47	39	35	29	19	17	48	24	16	17	17	0	22	0	30	53	36	48	17	0	0	0	0	0
210800103	30	23	31	18	32	0	26	11	12	0	19	14	29	0	34	36	26	34	0	0	0	0	0	0
210800104	54	36	32	53	22	20	37	22	54	0	22	23	39	0	53	42	39	39	0	0	0	0	0	0
210800105	50	33	40	38	0	36	34	0	35	0	0	0	42	0	38	37	37	37	0	0	0	0	0	0
210800106	41	30	34	39	18	22	48	34	42	21	13	19	18	0	35	32	34	50	36	0	0	0	0	0
210800107	46	34	26	39	0	28	35	0	26	0	0	0	36	0	35	37	32	36	0	0	0	0	0	0
210800108	29	44	32	38	0	36	44	20	41	23	0	0	25	0	26	30	38	36	24	0	0	0	0	0
210800109	37	30	26	25	0	27	35	0	40	0	0	0	28	0	32	31	29	33	0	0	0	0	0	0
210800110	44	35	32	37	13	19	30	31	46	14	13	15	18	0	20	44	27	35	13	0	0	0	0	0
210800111	33	35	36	28	16	20	33	38	30	11	17	29	15	0	32	34	43	34	19	0	0	0	0	0
210800112	36	31	26	33	19	22	33	0	13	0	17	0	33	0	35	38	34	27	0	0	0	0	0	0
210800114	39	33	44	50	10	13	33	39	34	26	16	13	19	0	26	41	36	38	16	0	0	0	0	0
210800115	37	38	37	56	43	0	49	39	53	0	40	41	41	0	50	43	44	46	0	0	0	0	0	0
210800116	37	30	37	22	17	17	31	0	16	0	17	0	37	0	36	28	26	29	0	0	0	0	0	0
210800117	26	25	30	16	25	17	45	45	18	34	12	0	0	0	0	27	33	41	48	0	0	0	0	0
210800118	38	26	31	31	43	0	54	47	13	13	31	15	16	0	41	36	42	54	32	0	0	0	0	0
210800119	36	39	26	0	34	0	31	0	0	0	30	0	37	0	32	28	38	29	0	0	0	0	0	0
210800120	33	30	28	40	0	38	38	0	36	0	0	0	36	0	42	40	41	34	0	0	0	0	0	0
210800122	28	33	28	28	0	16	28	13	20	11	14	0	15	0	29	30	34	26	21	0	0	0	0	0
210800123	27	22	25	29	0	30	28	0	28	0	0	0	25	0	27	30	27	32	0	0	0	0	0	0
210800125	31	27	26	28	13	14	31	30	29	12	17	27	8	0	19	22	31	28	15	0	0	0	0	0
210800126	36	39	23	22	19	14	32	18	20	17	17	0	20	0	23	31	38	27	18	0	0	0	0	0
210800127	43	37	35	31	18	12	38	0	26	0	18	0	44	0	42	28	38	33	0	0	0	0	0	0
210800128	51	40	43	31	21	22	55	30	22	10	29	0	30	0	38	47	51	41	24	0	0	0	0	0
210800129	35	33	25	26	10	14	31	18	17	17	19	0	15	0	13	35	31	28	16	0	0	0	0	0
210800130	35	30	25	29	9	10	27	39	24	33	15	30	0	0	0	24	26	30	33	0	0	0	0	0
210800133	37	30	33	39	16	17	34	17	39	0	16	20	43	0	48	36	36	41	0	0	0	0	0	0
210800134	45	29	38	22	22	22	30	19	14	21	13	21	19	0	26	29	36	31	19	0	0	0	0	0
210800135	36	32	31	44	0	44	33	0	33	0	0	0	36	0	37	42	33	35	0	0	0	0	0	0
210800136	35	27	23	22	33	0	61	26	13	16	35	18	20	0	37	21	30	70	52	0	0	0	0	0
210800137	41	35	34	0	44	0	41	22	0	17	17	0	23	0	26	46	39	42	22	0	0	0	0	0
210800138	42	41	41	36	20	21	43	47	35	17	21	49	24	0	26	50	42	35	16	0	0	0	0	0
210800139	33	28	25	28	16	13	33	0	19	0	18	0	27	0	44	25	39	36	0	0	0	0	0	0
210800140	41	39	40	41	0	45	42	0	36	0	0	0	37	0	32	37	45	45	0	0	0	0	0	0
210800141	48	33	28	40	1	43	31	0	29	0	0	0	41	0	30	36	35	37	0	0	0	0	0	0
210800142	37	33	34	39	0	26	35	18	45	19	0	0	21	0	33	37	37	35	12	0	0	0	0	0
210807000	45	29	34	18	19	22	30	0	17	0	14	0	40	0	34	32	32	35	0	0	0	0	0	0
210808000	32	33	40	43	0	40	40	0	42	0	0	0	40	0	49	43	39	45	0	0	0	0	0	0
210809000	31	33	28	37	15	19	28	16	27	0	14	17	35	0	23	32	26	29	0	0	0	0	0	0
211322012	40	29	25	30	0	13	27	12	38	17	12	0	16	0	18	32	30	31	19	0	0	0	0	0
212716041	41	32	33	45	27	18	41	24	46	0	21	20	34	0	45	36	33	34	0	0	0	0	0	0
21309053	39	32	35	47	0	48	49	24	37	18	0	24	24	0	27	36	46	43	19	0	0	0	0	0
213720091	27	26	33	36	0	28	30	0	27	0	0	0	27	0	27	30	28	29	0	0	0	0	0	0
214709101	30	29	22	26	0	31	20	0	30	0	0	0	27	0	31	20	28	20	0	0	0	0	0	0
215712101	25	26	19	28	10	8	33	14	37	0	7	12	27	0	31	30	33	20	0	0	0	0	0	0
216211041	29	30	31	31	0	30	35	12	32	27	0	0	19	0	19	31	36	35	15	0	0	0	0	0
217211042	27	35	23	0	28	0	34	0	0	0	29	0	38	0	26	32	31	30	0	0	0	0	0	0
218208091	40	30	25	22	21	20	38	17	18	22	15	0	15	0	18	28	37	36	18	0	0	0	0	0
219208092	40	43	35	46	39	0	35	50	42	18	37	31	21	0	24	25	37	44	21	0	0	0	0	0
220211091	47	43	36	49	18	14	42	39	52	27	15	35	16	0	31	42	49	39	16	0	0	0	0	0
221409101	36	29	38	34	0	40	38	20	31	14	0	0	11	0	27	48	34	33	21	0	0	0	0	0
222409102	41	37	31	36	0	31	40	0	32	0	0	0	36	0	29	32	38	38	0	0	0	0	0	0
22309072	42	38	47	45	0	54	39	0	43	0	0	0	44	0	51	48	43	51	0	0	0	0	0	0
224309081	32	25	26	25	14	14	27	17	21	0	11	12	33	0	31	28	27	28	0	0	0	0	0	0
225204032	31	25	41	25	16	10	24	14	30	0	10	12	35	0	28	20	27	29	0	0	0	0	0	0
226505041	41	34	46	35	17	20	37	38	39	14	26	29	18	0	27	43	45	43	18	0	0	0	0	0
227708102	48	27	40	37	0	33	46	0	42	0	0	0	34	0	24	35	38	35	0	0	0	0	0	0
228901052	41	41	44	32	26	24	42	0	17	0	22	0	23	0	39	12	44	39	0	0	0	0	0	0
229727101	34	30	25	28	0	36	34	0	27	0	0	0	37	0	35	30	30	27	0	0	0	0	0	0
230727081	28	23	18	50	0	24	42	29	43	10	0	15	15	0	20	26	25	39	26	0	0	0	0	0
231904021	27	20	28	32	15	14	23	8	19	0	18	15	26	0	24	29	27	23	0	0	0	0	0	0
232503031	32	23	29	40	0	21	36	19	31	16	0	0	11	0	19	35	30	33	14	0	0	0	0	0
23312012	40	32	28	27	0	27	30	14	34	8	0	0	14	0	27	30	27	33	11	0	0	0	0	0
233435041	35	39	44	40	0	49	44	0	38	0	0	0	43	0	45	33	42	44	0	0	0	0	0	0
234435042	34	39	36	23	19	15	37	14	28	13	15	0	16	0	27	29	35	29	17	0	0	0	0	0
235414031	22	23	36	35	0	35	33	0	24	0	0	0	28	0	31	28	30	35	0	0	0	0	0	0
236414032	36	41	40	31	14	21	39	0	17	0	16	0	44	0	32	41	44	43	0	0	0	0	0	0
237218082	46	39	41	42	0	45	43	20	28	21	0	17	17	0	35	28	37	39	18	0	0	0	0	0
238218081	30	35	36	29	0	23	34	32	35	25	0	0	0	0	0	20	29	39	36	0	0	0	0	0
239601011	33	24	26	18	11	19	28	17	13	17	12	0	13	0	23	27	31	28	20	0	0	0	0	0
240601021	27	36	33	32	0	37	38	13	40	12	0	0	14	0	21	41	35	24	17	0	0	0	0	0
241601031	34	28	25	32	16	15	37	15	37	0	0	0	29	0	31	31	26	41	0	0	0	0	0	0
242605081	31	31	37	35	0	31	46	0	27	0	0	0	37	0	39	28	38	37	0	0	0	0	0	0
24312081	34	25	42	43	22	14	30	16	35	0	14	15	40	0	31	32	35	33	0	0	0	0	0	0
243607091	28	32	28	27	21	11	38	28	30	18	17	23	16	0	34	28	41	27	15	0	0	0	0	0
244604061	41	26	39	31	0	26	28	0	33	0	0	0	32	0	35	22	32	39	0	0	0	0	0	0
245309062	49	39	41	38	0	42	48	0	43	0	0	0	43	0	38	48	52	34	0	0	0	0	0	0
246323051	41	27	30	32	0	28	27	0	28	0	0	0	34	0	28	27	33	30	0	0	0	0	0	0
247327031	36	30	28	37	0	36	29	0	43	0	0	0	37	0	25	36	35	33	0	0	0	0	0	0
248200128	38	39	41	36	0	34	37	18	44	24	0	0	14	0	21	36	44	37	19	0	0	0	0	0
250214101	39	33	33	30	38	0	64	19	17	0	37	19	35	0	49	32	36	46	21	0	0	0	0	0
251226081	35	36	29	0	28	0	33	0	0	0	34	0	36	0	34	47	38	36	0	0	0	0	0	0
252900011	45	33	37	33	47	0	32	17	17	0	35	23	44	0	34	40	41	40	0	0	0	0	0	0
25312101	31	33	24	20	25	0	26	25	18	15	18	10	12	0	23	25	25	19	17	0	0	0	0	0
253900058	37	43	35	29	44	0	37	20	16	0	42	16	44	0	46	29	39	41	0	0	0	0	0	0
254911101	39	37	29	38	0	34	34	14	52	14	0	0	16	0	20	36	37	33	16	0	0	0	0	0
256801011	40	37	30	30	0	33	33	0	40	0	0	0	29	0	42	35	34	35	0	0	0	0	0	0
257801021	36	30	21	21	12	15	30	0	21	0	14	0	30	0	36	37	36	29	0	0	0	0	0	0
258801022	34	29	26	54	0	16	33	15	40	0	16	14	31	0	33	38	31	23	0	0	0	0	0	0
259801031	48	35	34	42	0	37	41	0	42	0	0	0	40	0	42	37	44	39	0	0	0	0	0	0
260803041	32	30	28	27	0	36	43	0	48	0	0	0	37	0	34	37	41	42	0	0	0	0	0	0
261805051	25	35	33	33	19	17	25	0	27	0	25	0	39	0	40	30	42	35	0	0	0	0	0	0
262805052	31	31	27	24	12	23	33	32	25	24	10	0	0	0	0	39	34	36	34	0	0	0	0	0
26312102	46	32	36	26	24	32	23	16	41	16	15	20	18	0	22	13	45	22	0	0	0	0	0	0
263805061	60	47	58	69	25	27	50	26	56	0	19	23	50	0	52	47	52	49	0	0	0	0	0	0
264812071	39	35	30	37	0	38	39	17	36	28	0	0	16	0	22	49	38	30	21	0	0	0	0	0
265812072	49	41	40	50	0	42	37	45	37	47	0	21	0	0	0	35	44	50	54	0	0	0	0	0
266102011	37	23	23	33	19	16	28	11	22	0	11	13	25	0	29	25	36	27	0	0	0	0	0	0
267102051	35	42	33	25	20	18	44	17	16	19	19	0	23	0	32	38	36	42	16	0	0	0	0	0
268101011	39	40	38	31	0	32	35	0	40	0	0	0	42	0	46	48	48	34	0	0	0	0	0	0
269102031	33	29	30	40	41	0	31	31	32	0	42	29	30	0	43	42	30	23	0	0	0	0	0	0
270103041	31	23	27	32	0	31	25	14	31	9	0	0	18	0	37	23	29	31	17	0	0	0	0	0
271110101	53	29	32	25	16	17	31	0	14	0	14	0	40	0	34	27	42	29	0	0	0	0	0	0
272106071	48	39	38	50	23	29	47	45	58	25	18	43	20	0	28	55	49	38	22	0	0	0	0	0
273106111	47	45	43	48	0	46	46	47	49	60	0	0	0	0	2	52	42	38	46	0	0	0	0	0
27319021	50	37	46	43	0	58	45	18	47	0	0	0	48	0	41	50	58	47	0	0	0	0	0	0
274105051	41	45	38	64	29	24	44	23	48	0	24	23	43	0	33	40	45	50	0	0	0	0	0	0
275108081	54	33	44	49	0	48	38	21	42	23	0	0	15	0	24	35	48	37	18	0	0	0	0	0
276110121	58	47	52	48	0	43	47	0	55	0	0	0	50	0	37	44	41	45	0	0	0	0	0	0
277101021	48	51	48	82	0	43	72	48	72	20	0	30	29	0	43	45	46	78	55	0	0	0	0	0
278900185	39	28	26	34	17	16	32	17	34	0	16	16	36	0	36	30	37	22	0	0	0	0	0	0
279902091	50	34	29	21	21	22	33	15	16	16	14	0	18	0	36	30	29	36	19	0	0	0	0	0
280905041	22	26	20	29	0	39	37	0	39	0	0	0	28	0	36	28	34	37	0	0	0	0	0	0
282916071	27	23	27	33	18	14	35	27	26	13	12	11	19	0	17	29	27	21	20	0	0	0	0	0
28326021	34	24	20	25	0	23	28	12	35	10	0	0	13	0	14	33	26	32	12	0	0	0	0	0
283910031	35	24	25	28	15	16	24	11	29	0	16	14	22	0	25	22	28	33	0	0	0	0	0	0
284626051	30	32	34	35	20	20	33	13	11	0	19	12	36	0	34	37	28	36	0	0	0	0	0	0
285626052	32	26	36	33	0	36	41	0	36	0	0	0	38	0	37	36	31	31	0	0	0	0	0	0
286647051	33	31	19	18	15	16	28	0	20	0	17	0	25	0	31	33	27	31	0	0	0	0	0	0
288920032	46	31	39	43	13	14	34	19	46	0	16	23	38	0	37	44	39	38	0	0	0	0	0	0
289911091	22	23	28	30	11	11	30	25	30	15	14	9	13	0	22	19	32	27	17	0	0	0	0	0
290907011	28	24	36	31	0	28	32	0	42	0	0	0	35	0	39	31	29	39	0	0	0	0	0	0
291903092	26	28	22	33	0	12	27	14	23	14	16	0	15	0	19	28	23	30	12	0	0	0	0	0
292903042	44	30	33	29	0	28	39	13	39	20	0	0	19	0	30	27	31	38	11	0	0	0	0	0
293900060	35	35	40	49	0	26	37	25	45	26	0	0	22	0	24	31	38	44	20	0	0	0	0	0
294309021	29	28	32	33	23	0	26	35	30	11	19	42	13	0	23	21	26	28	13	0	0	0	0	0
295309041	32	25	33	19	12	12	36	19	14	18	16	0	16	0	27	31	31	31	18	0	0	0	0	0
296309042	36	32	38	33	19	14	34	12	30	0	13	20	37	0	31	37	34	34	0	0	0	0	0	0
297100011	31	28	27	31	0	27	26	10	37	15	0	0	10	0	12	31	34	27	15	0	0	0	0	0
298100021	33	34	40	37	0	38	38	0	43	0	0	0	40	0	32	35	39	35	0	0	0	0	0	0
299100051	44	40	43	25	37	0	40	16	28	0	51	25	44	0	43	45	45	38	0	0	0	0	0	0
300100061	32	30	38	39	13	10	31	13	33	0	20	17	32	0	36	32	32	48	0	0	0	0	0	0
302100071	38	24	38	45	14	21	46	33	30	19	21	24	23	0	20	41	37	54	19	0	0	0	0	0
303100081	31	20	27	32	26	0	29	17	18	0	27	18	22	0	28	20	29	32	0	0	0	0	0	0
304100101	54	32	42	36	21	17	25	38	22	45	23	0	0	0	0	37	43	17	18	0	0	0	0	0
305100171	38	40	47	50	0	38	47	19	48	28	0	0	19	0	31	42	50	46	21	0	0	0	0	0
306300031	45	51	49	60	0	27	40	76	55	38	21	21	0	0	1	47	46	50	50	0	0	0	0	0
307300032	40	35	41	30	0	33	35	0	43	0	0	0	41	0	41	41	33	33	0	0	0	0	0	0
308300051	46	42	38	46	0	47	41	0	35	0	0	0	49	0	37	41	48	39	0	0	0	0	0	0
309300061	44	43	46	67	25	21	68	50	54	0	25	46	42	0	55	49	51	49	31	0	0	0	0	0
310300011	28	29	26	55	19	16	33	14	15	12	15	0	17	0	16	31	29	28	8	0	0	0	0	0
311300012	30	27	27	31	0	25	29	0	25	0	0	0	38	0	31	27	28	26	0	0	0	0	0	0
312300171	38	39	33	48	0	21	33	16	41	0	11	12	33	0	33	36	31	39	0	0	0	0	0	0
313300141	39	29	25	63	0	25	26	0	28	0	0	0	28	0	25	26	32	30	0	0	0	0	0	0
314300111	42	33	32	21	17	16	13	21	22	15	16	18	12	0	12	37	30	14	0	0	0	0	0	0
315300121	35	30	39	24	13	17	36	0	16	0	16	0	29	0	35	34	26	36	0	0	0	0	0	0
316300122	47	40	40	45	17	19	42	65	47	45	12	34	0	0	0	34	39	38	47	0	0	0	0	0
317300161	35	31	40	38	15	22	39	16	45	0	18	19	30	0	41	28	33	41	0	0	0	0	0	0
3173319102	38	35	29	22	15	18	28	0	11	0	14	0	29	0	32	30	41	33	0	0	0	0	0	0
31823101	62	43	39	43	0	48	54	0	52	0	0	0	59	0	52	48	52	44	0	0	0	0	0	0
318933021	25	27	33	26	0	36	31	0	33	0	0	0	28	0	35	18	33	39	0	0	0	0	0	0
319416011	23	26	26	35	0	30	34	0	24	0	0	0	26	0	35	38	35	31	0	0	0	0	0	0
320712091	37	29	36	0	39	0	43	0	0	0	33	0	35	0	46	35	31	37	0	0	0	0	0	0
321701011	23	35	34	25	16	13	37	29	31	17	22	15	20	0	33	29	36	32	13	0	0	0	0	0
322703021	31	27	36	38	17	18	52	17	35	0	18	18	37	0	40	30	34	42	17	0	0	0	0	0
323708051	42	41	31	30	14	21	38	0	16	0	14	0	36	0	24	24	37	41	0	0	0	0	0	0
324708111	42	27	36	35	0	33	31	0	28	0	0	0	34	0	39	31	36	36	0	0	0	0	0	0
325710071	46	56	56	47	0	45	50	33	44	28	0	0	24	0	28	69	55	49	21	0	0	0	0	0
326712081	34	30	36	35	0	32	37	0	29	0	0	0	29	0	28	28	31	37	0	0	0	0	0	0
327601041	34	32	38	34	0	23	30	20	29	15	0	0	13	0	21	33	32	26	14	0	0	0	0	0
328202011	31	30	28	36	0	43	37	0	35	0	0	0	27	0	33	34	29	39	0	0	0	0	0	0
32833091	46	39	32	17	18	21	33	0	12	0	0	0	29	0	36	31	29	36	0	0	0	0	0	0
329202012	30	20	27	28	0	23	36	0	29	0	0	0	32	0	25	24	29	30	0	0	0	0	0	0
330201041	40	31	36	36	17	20	38	16	42	0	19	15	37	0	40	37	29	32	0	0	0	0	0	0
331201042	33	30	28	44	19	19	57	29	36	17	15	21	22	0	37	36	37	50	41	0	0	0	0	0
332205021	50	32	35	43	21	15	43	41	44	25	14	17	19	0	33	39	45	34	21	0	0	0	0	0
334615011	32	24	27	29	0	28	23	0	34	0	0	0	32	0	29	30	28	25	0	0	0	0	0	0
335916011	31	32	26	35	0	32	30	0	38	0	0	0	36	0	36	26	27	35	0	0	0	0	0	0
336908021	51	32	51	38	0	45	51	30	64	23	0	0	21	0	36	52	34	45	23	0	0	0	0	0
337005011	43	29	33	38	15	17	35	0	18	0	16	0	29	0	25	42	31	33	0	0	0	0	0	0
338015051	33	38	35	42	0	33	43	0	48	0	0	0	40	0	50	38	42	27	0	0	0	0	0	0
33838042	35	29	34	24	0	28	32	32	38	27	0	0	0	0	0	35	39	32	31	0	0	0	0	0
339028131	32	33	40	32	0	37	43	0	30	0	0	0	36	0	49	41	39	31	0	0	0	0	0	0
340304011	24	34	38	33	0	30	33	0	35	0	0	0	35	0	35	24	34	42	0	0	0	0	0	0
341309071	39	36	42	30	0	39	41	0	40	0	0	0	32	0	43	44	34	29	0	0	0	0	0	0
342309061	35	34	34	48	12	14	35	17	37	0	17	18	37	0	38	40	40	38	0	0	0	0	0	0
343021102	36	37	34	32	0	31	31	16	29	13	0	0	19	0	24	32	29	31	22	0	0	0	0	0
344305051	44	41	44	43	1	38	46	15	31	21	0	0	21	0	31	35	40	34	28	0	0	0	0	0
345801011	25	29	29	21	28	0	36	17	13	0	35	13	34	0	30	36	35	36	0	0	0	0	0	0
348814061	41	28	27	18	17	15	37	17	24	10	18	0	24	0	20	41	36	28	20	0	0	0	0	0
34930051	44	47	41	44	0	50	67	24	48	19	0	0	21	0	37	56	47	65	51	0	0	0	0	0
349819101	32	24	21	36	22	15	27	11	23	0	17	15	30	0	31	29	28	26	0	0	0	0	0	0
350817072	44	50	47	33	19	33	46	0	37	0	17	0	48	0	41	49	51	50	0	0	0	0	0	0
351944071	31	21	24	36	26	0	31	40	26	13	29	47	0	0	31	18	29	27	16	0	0	0	0	0
352105011	54	41	51	33	24	32	47	0	23	0	27	0	48	0	44	56	52	55	0	0	0	0	0	0
353105031	25	27	27	28	12	14	26	19	41	0	14	11	24	0	33	29	28	36	0	0	0	0	0	0
354102051	21	22	29	28	15	13	20	28	23	14	15	13	13	0	18	27	19	23	13	0	0	0	0	0
355101021	43	19	23	28	0	25	45	11	33	12	0	0	15	0	30	21	28	41	35	0	0	0	0	0
357106041	30	26	22	35	0	29	25	0	35	0	0	0	32	0	27	26	24	29	0	0	0	0	0	0
358106042	40	42	37	56	23	21	49	24	43	0	22	23	52	0	41	46	44	49	0	0	0	0	0	0
359106051	35	37	38	24	16	23	41	0	14	0	20	0	47	0	26	42	37	38	0	0	0	0	0	0
360106052	46	51	54	37	19	27	27	46	27	34	28	0	0	0	0	45	54	27	21	0	0	0	0	0
36041011	34	22	17	47	17	16	31	29	29	21	14	16	16	0	20	38	37	32	15	0	0	0	0	0
361100250	39	21	26	26	0	30	26	0	49	0	0	0	31	0	29	34	23	36	0	0	0	0	0	0
362105011	51	50	43	52	22	20	41	42	52	23	20	43	21	0	34	30	45	46	24	0	0	0	0	0
363116101	34	41	34	46	20	19	32	35	32	18	15	22	20	0	29	34	34	30	19	0	0	0	0	0
364131061	25	35	37	30	0	19	36	0	24	0	0	0	27	0	33	26	32	39	0	0	0	0	0	0
365123011	28	30	29	22	35	0	30	29	16	16	28	20	12	0	22	38	24	24	16	0	0	0	0	0
366123012	55	38	35	29	19	26	45	0	19	0	15	0	43	0	44	29	48	42	0	0	0	0	0	0
367814101	38	29	31	30	0	35	41	20	26	11	0	0	17	0	21	30	32	33	16	0	0	0	0	0
368814102	44	35	27	39	0	36	38	0	41	0	0	0	35	0	39	33	35	39	0	0	0	0	0	0
369814111	27	31	25	25	0	33	35	0	45	0	0	0	34	0	36	41	35	29	0	0	0	0	0	0
370100041	29	26	28	41	0	30	42	0	22	0	0	0	26	0	38	31	27	40	15	0	0	0	0	0
37041012	31	25	29	32	15	11	32	32	15	10	15	30	14	0	27	30	26	29	15	0	0	0	0	0
371100011	60	20	37	36	19	19	30	21	33	0	18	16	34	0	39	31	35	23	0	0	0	0	0	0
372100051	37	34	28	42	32	0	28	48	27	21	28	16	16	0	23	31	30	31	16	0	0	0	0	0
373100091	37	38	36	35	0	38	37	0	34	0	0	0	38	0	41	45	34	19	0	0	0	0	0	0
374100071	19	24	29	25	0	29	29	0	28	0	0	0	30	0	30	35	26	21	0	0	0	0	0	0
375100081	27	24	28	33	11	18	30	17	27	0	8	8	30	0	42	43	35	24	0	0	0	0	0	0
376100111	46	24	28	0	37	0	30	15	0	13	29	0	17	0	24	26	38	36	13	0	0	0	0	0
377900041	34	36	30	31	0	37	36	0	37	0	0	0	40	0	37	31	34	36	0	0	0	0	0	0
378900081	36	31	33	40	16	18	34	16	40	0	19	12	19	0	29	11	31	35	0	0	0	0	0	0
379007151	32	23	26	33	0	28	25	0	25	0	0	0	28	0	30	32	32	32	0	0	0	0	0	0
380013012	44	51	53	54	0	44	47	0	50	0	0	0	44	0	52	48	48	45	0	0	0	0	0	0
38046011	25	20	18	19	17	0	12	21	19	13	20	12	10	0	12	17	21	11	0	0	0	0	0	0
381016011	36	33	29	36	46	0	41	18	16	0	33	19	37	0	39	35	39	32	0	0	0	0	0	0
382019052	43	37	40	20	16	24	49	25	27	22	25	0	22	0	35	53	48	39	21	0	0	0	0	0
383007071	37	32	33	38	0	36	35	0	36	0	0	0	32	0	36	38	38	42	0	0	0	0	0	0
384010051	31	27	28	14	13	13	23	11	12	14	14	0	10	0	27	25	25	27	17	0	0	0	0	0
385823082	25	24	27	30	0	21	25	10	27	8	0	0	12	0	23	28	29	37	10	0	0	0	0	0
386832101	41	25	28	35	13	15	33	16	32	0	15	11	28	0	28	34	32	30	0	0	0	0	0	0
387832102	45	35	40	38	0	46	40	0	45	0	0	0	45	0	35	35	36	41	0	0	0	0	0	0
388409011	35	19	36	19	16	18	29	18	19	25	27	0	13	0	30	23	34	24	16	0	0	0	0	0
390400091	42	35	37	34	41	23	57	42	8	21	21	0	21	0	48	35	35	51	46	0	0	0	0	0
39111041	32	30	25	26	0	25	25	12	20	14	0	0	14	0	14	35	28	33	11	0	0	0	0	0
391400051	28	31	34	40	0	41	36	0	40	0	0	0	34	0	33	26	32	35	0	0	0	0	0	0
392400061	39	29	30	17	15	10	34	0	21	0	14	0	34	0	37	33	38	28	0	0	0	0	0	0
393400101	30	36	31	31	0	29	31	21	33	14	0	0	14	0	24	39	44	34	21	0	0	0	0	0
394400011	30	31	35	34	14	11	31	15	46	0	18	17	33	0	37	26	33	34	0	0	0	0	0	0
395200244	24	22	26	30	16	16	29	12	34	0	15	13	22	0	36	36	25	26	0	0	0	0	0	0
396725011	53	42	38	53	0	46	36	0	54	0	0	0	45	0	54	44	42	46	0	0	0	0	0	0
397725012	26	25	28	37	17	18	24	11	33	0	11	14	28	0	25	39	31	29	0	0	0	0	0	0
398725051	34	28	26	15	13	15	29	0	18	0	19	0	35	0	26	37	32	31	0	0	0	0	0	0
399725052	44	39	37	40	0	37	42	0	48	0	0	0	40	0	37	38	52	37	0	0	0	0	0	0
401217031	36	28	27	30	13	15	33	45	38	35	15	28	0	0	0	27	33	25	29	0	0	0	0	0
40126061	40	27	36	27	14	23	33	17	30	0	13	16	37	0	34	17	34	23	0	0	0	0	0	0
402000439	36	36	25	40	0	33	28	15	31	8	0	0	13	0	18	37	30	32	20	0	0	0	0	0
403611041	34	25	38	43	15	15	45	34	42	11	18	15	22	0	26	37	29	31	18	0	0	0	0	0
404808011	42	40	36	40	0	43	32	0	43	0	0	0	45	0	31	36	52	51	0	0	0	0	0	0
405811051	26	17	20	21	0	28	22	0	32	0	0	0	23	0	22	22	27	21	0	0	0	0	0	0
406000435	43	31	36	32	0	33	35	0	30	0	0	0	38	0	36	41	34	38	0	0	0	0	0	0
407000434	47	35	39	41	0	37	43	0	45	0	0	0	38	0	35	45	43	27	0	0	0	0	0	0
408000441	29	26	31	37	1	30	29	0	26	0	0	0	28	0	23	24	36	34	0	0	0	0	0	0
409000527	27	36	40	41	0	34	53	0	32	0	0	0	34	0	48	40	30	61	24	0	0	0	0	0
410817061	29	27	24	37	29	0	28	28	30	0	28	24	28	0	26	27	26	30	0	0	0	0	0	0
41130012	32	21	27	22	18	9	16	16	16	22	15	0	15	0	14	31	36	12	0	0	0	0	0	0
411611051	35	28	33	40	1	33	40	20	44	22	0	0	18	0	31	25	31	40	19	0	0	0	0	0
412617011	27	18	23	18	16	10	25	11	28	0	16	13	22	0	23	27	20	28	0	0	0	0	0	0
413620032	25	24	29	14	11	13	25	12	10	14	14	0	14	0	18	27	33	23	14	0	0	0	0	0
414601022	34	22	28	25	0	30	32	0	13	0	0	0	31	0	25	43	25	36	0	0	0	0	0	0
415601031	25	27	30	29	16	14	30	12	27	0	13	15	20	0	27	30	23	27	0	0	0	0	0	0
416215041	27	29	25	29	0	26	45	0	22	0	0	0	27	0	32	23	36	42	14	0	0	0	0	0
417218092	35	32	30	38	0	28	38	17	30	20	0	17	18	0	24	27	40	26	21	0	0	0	0	0
420213011	39	33	36	35	16	16	32	36	32	10	15	33	20	0	28	32	40	37	23	0	0	0	0	0
421218041	39	31	34	40	1	25	36	15	32	12	0	17	16	0	25	34	37	36	18	0	0	0	0	0
42140012	26	21	27	13	19	13	34	21	24	14	17	15	14	0	19	27	34	32	17	0	0	0	0	0
422211031	26	22	25	18	13	14	26	0	19	0	14	0	40	0	33	31	27	39	0	0	0	0	0	0
423320091	31	30	31	41	14	15	36	13	40	0	17	12	34	0	26	46	48	36	0	0	0	0	0	0
424320092	36	37	40	34	0	41	47	20	40	21	0	0	24	0	26	41	42	32	17	0	0	0	0	0
425100248	38	44	37	67	2	44	67	44	62	29	0	16	23	0	38	48	40	55	44	0	0	0	0	0
426111081	55	38	44	55	25	13	48	40	44	20	24	20	22	0	25	43	46	46	22	0	0	0	0	0
427046021	28	28	24	24	0	32	40	8	30	9	0	0	14	0	19	19	25	37	29	0	0	0	0	0
428046012	22	30	34	43	15	12	35	26	33	17	23	12	18	0	19	31	38	26	9	0	0	0	0	0
429046101	32	20	21	26	0	20	29	0	38	0	0	0	49	0	24	38	28	30	0	0	0	0	0	0
431106051	37	25	26	36	0	36	33	14	34	16	0	0	12	0	26	23	37	32	14	0	0	0	0	0
43140021	22	23	22	36	0	26	30	14	34	15	0	15	13	0	16	23	32	31	15	0	0	0	0	0
432800071	31	28	31	21	33	0	32	38	12	20	31	15	19	0	28	39	33	37	21	0	0	0	0	0
433800072	42	37	37	34	22	23	38	0	24	0	21	0	40	0	47	41	37	50	0	0	0	0	0	0
434800024	42	31	27	37	37	0	39	38	23	18	36	16	21	0	27	49	41	42	19	0	0	0	0	0
435800114	37	29	30	35	0	29	34	0	36	0	0	0	34	0	31	38	40	26	0	0	0	0	0	0
436200080	39	28	39	44	19	22	35	13	33	0	0	0	39	0	26	27	40	37	0	0	0	0	0	0
437202011	39	33	27	44	0	29	27	19	38	15	0	0	18	0	24	35	43	40	13	0	0	0	0	0
438800029	32	27	17	16	17	11	29	0	18	0	8	0	24	0	26	20	36	30	0	0	0	0	0	0
439833011	37	27	26	18	15	17	22	0	8	0	15	0	29	0	28	27	28	30	0	0	0	0	0	0
441206011	42	46	50	27	17	16	16	41	28	38	26	0	0	0	0	39	51	20	18	0	0	0	0	0
44140022	27	28	21	34	0	27	30	0	34	0	0	0	23	0	26	29	24	26	0	0	0	0	0	0
445303031	31	24	27	42	0	31	28	13	19	13	0	0	16	0	21	25	32	29	17	0	0	0	0	0
446303051	42	53	59	60	2	62	54	0	62	0	0	0	30	0	56	29	61	53	0	0	0	0	0	0
447303052	36	34	36	30	0	38	32	0	39	0	0	0	33	0	34	30	39	31	0	0	0	0	0	0
449720041	34	27	26	21	15	15	31	28	13	26	18	0	0	0	0	22	27	30	35	0	0	0	0	0
451303101	52	41	33	89	1	52	46	0	50	0	0	0	38	0	44	51	46	40	0	0	0	0	0	0
45513012	39	27	30	32	0	40	34	18	49	22	0	0	17	0	21	33	33	40	13	0	0	0	0	0
458904031	39	26	26	36	14	8	29	31	28	18	13	14	21	0	19	24	30	32	7	0	0	0	0	0
461911071	38	22	22	14	32	0	23	22	14	12	26	25	14	0	19	14	29	25	18	0	0	0	0	0
462911072	46	33	39	32	0	42	42	0	35	0	0	0	46	0	37	41	42	41	0	0	0	0	0	0
463137092	34	36	28	17	13	21	33	16	18	18	12	0	16	0	22	32	32	32	20	0	0	0	0	0
464151061	36	33	38	43	30	0	35	54	37	23	14	20	16	0	32	35	40	28	15	0	0	0	0	0
46518081	44	30	40	25	0	35	30	21	34	24	0	0	17	0	27	34	33	37	13	0	0	0	0	0
465300832	31	30	34	31	0	43	36	0	32	0	0	0	29	0	30	33	35	23	0	0	0	0	0	0
466000377	39	31	32	33	0	31	39	16	38	20	0	0	19	0	26	36	44	39	21	0	0	0	0	0
467000378	39	25	24	34	0	23	36	0	38	0	0	0	12	0	26	20	39	31	0	0	0	0	0	0
468402011	42	36	38	47	0	47	41	0	46	0	0	0	42	0	38	41	39	39	0	0	0	0	0	0
469217021	42	32	35	14	19	14	37	0	24	0	12	0	33	0	34	32	36	40	0	0	0	0	0	0
470201041	54	45	46	59	0	44	55	0	49	0	0	0	52	0	55	53	63	52	0	0	0	0	0	0
471201042	41	28	34	0	42	0	16	16	0	30	42	18	14	0	15	25	37	15	0	0	0	0	0	0
472700136	30	22	28	30	0	26	33	0	27	0	0	0	30	0	29	25	26	26	0	0	0	0	0	0
473700138	35	28	25	33	0	40	23	0	32	0	0	0	26	0	37	28	25	41	0	0	0	0	0	0
474730041	21	25	20	20	28	0	17	41	12	34	27	15	0	0	0	24	32	11	10	0	0	0	0	0
47518082	36	37	45	46	19	25	43	15	45	0	15	18	38	0	40	34	37	45	0	0	0	0	0	0
475700124	37	25	21	45	14	14	30	15	30	0	16	0	26	0	27	32	28	33	0	0	0	0	0	0
476703051	36	34	27	25	14	15	35	0	27	0	18	0	39	0	41	42	34	42	0	0	0	0	0	0
477714051	43	31	29	37	30	0	35	38	31	0	28	31	27	0	45	27	37	28	0	0	0	0	0	0
478714091	31	29	20	19	0	32	27	0	21	0	0	0	21	0	27	27	24	27	0	0	0	0	0	0
479725051	30	18	21	20	0	28	30	11	18	9	0	0	10	0	17	19	22	23	15	0	0	0	0	0
48130071	38	26	25	36	14	16	48	13	17	0	17	13	29	0	34	30	26	37	9	0	0	0	0	0
481732011	32	23	28	33	0	25	30	0	24	0	0	0	29	0	29	30	29	32	0	0	0	0	0	0
482732051	40	33	43	44	0	39	34	0	32	0	0	0	41	0	39	41	41	40	0	0	0	0	0	0
483732031	47	32	28	30	18	11	37	0	28	0	17	0	36	0	34	32	37	31	0	0	0	0	0	0
486425051	29	34	30	39	14	21	28	27	29	16	19	32	16	0	28	22	31	35	13	0	0	0	0	0
487428061	44	38	45	41	0	31	43	0	31	0	0	0	41	0	43	46	38	35	0	0	0	0	0	0
488428071	28	29	23	36	0	27	49	12	29	14	0	0	16	0	21	44	39	40	35	0	0	0	0	0
489404031	32	30	29	30	30	0	31	13	14	0	0	0	34	0	33	21	28	32	0	0	0	0	0	0
490903011	32	27	36	33	0	43	36	16	25	22	0	0	18	0	24	27	31	37	16	0	0	0	0	0
49103041	47	42	38	44	0	35	47	0	37	0	0	0	40	0	41	50	39	42	0	0	0	0	0	0
491905071	30	32	38	17	12	17	34	21	15	17	15	0	13	0	22	29	34	26	17	0	0	0	0	0
492910021	48	50	46	51	0	45	48	19	55	32	0	0	21	0	38	49	58	48	29	0	0	0	0	0
493911021	34	26	29	37	0	31	33	0	33	0	0	0	31	0	40	32	23	37	0	0	0	0	0	0
494918051	31	28	28	35	29	1	27	50	30	18	31	47	21	0	19	40	40	34	18	0	0	0	0	0
495919111	41	40	41	23	16	18	38	0	17	0	22	0	34	0	41	47	49	34	0	0	0	0	0	0
496917101	36	23	34	25	0	38	28	0	30	0	0	0	27	0	23	34	31	29	0	0	0	0	0	0
497413041	32	19	21	27	0	29	30	0	38	0	0	0	25	0	24	27	27	28	0	0	0	0	0	0
498929061	27	31	21	32	14	15	27	13	20	0	12	0	33	0	24	35	28	29	0	0	0	0	0	0
500933081	32	37	39	49	0	46	39	0	47	0	0	0	36	0	28	48	37	38	0	0	0	0	0	0
50103042	36	33	28	40	0	34	31	0	43	0	0	0	30	0	36	39	35	35	0	0	0	0	0	0
501910081	48	46	48	36	49	0	43	25	31	0	50	25	43	0	51	46	46	48	0	0	0	0	0	0
502903022	34	27	29	31	0	31	27	0	27	0	0	0	33	0	34	31	33	24	0	0	0	0	0	0
503914062	38	34	30	71	1	35	36	0	27	0	0	0	37	0	37	33	41	39	0	0	0	0	0	0
504900367	39	27	33	25	34	0	18	44	13	34	18	32	0	0	0	26	33	20	16	0	0	0	0	0
506417051	37	33	23	36	0	34	38	18	28	13	0	0	15	0	25	36	35	35	29	0	0	0	0	0
507933012	29	25	32	31	0	29	31	0	41	0	0	0	30	0	29	22	32	25	0	0	0	0	0	0
508308101	34	28	32	42	12	12	33	16	36	0	0	0	30	0	16	35	39	28	0	0	0	0	0	0
509607121	43	45	38	26	41	0	20	66	24	38	36	16	0	0	0	48	41	22	20	0	0	0	0	0
510512061	37	31	26	36	0	19	30	15	33	19	21	0	16	0	29	29	35	30	12	0	0	0	0	0
51103051	50	49	42	42	0	36	35	0	41	0	0	0	47	0	33	37	44	39	0	0	0	0	0	0
511515011	45	31	40	43	0	36	39	0	46	0	0	0	42	0	36	48	38	44	0	0	0	0	0	0
512510011	45	47	42	54	34	0	31	36	35	0	39	43	35	0	35	37	42	38	0	0	0	0	0	0
513111021	58	44	51	30	29	25	22	29	20	22	37	0	29	0	28	42	58	29	0	0	0	0	0	0
514708022	34	26	25	20	34	0	34	28	15	8	31	27	15	0	20	32	29	26	16	0	0	0	0	0
515000447	27	37	27	35	0	37	33	15	37	25	0	0	21	0	22	35	39	36	19	0	0	0	0	0
516622071	24	22	24	19	12	10	20	0	12	0	12	0	20	0	31	27	19	22	0	0	0	0	0	0
517622031	30	28	28	22	0	30	30	0	45	0	0	0	29	0	28	33	29	25	0	0	0	0	0	0
518624081	34	30	28	37	0	22	29	0	36	0	0	0	23	0	20	31	35	31	0	0	0	0	0	0
519200295	33	26	22	26	0	36	31	0	25	0	0	0	24	0	24	26	28	26	0	0	0	0	0	0
520701041	45	55	51	60	25	30	51	25	41	0	23	22	57	0	48	50	49	52	0	0	0	0	0	0
52103052	26	24	27	40	14	17	26	38	23	31	10	30	0	0	0	32	30	30	20	0	0	0	0	0
521601061	40	37	40	56	20	22	49	44	55	32	23	44	22	0	22	38	54	54	22	0	0	0	0	0
522715031	51	42	40	44	0	43	42	0	55	0	0	0	51	0	41	52	59	49	0	0	0	0	0	0
523704101	50	44	36	28	24	22	51	0	18	0	14	0	55	0	41	44	50	47	0	0	0	0	0	0
524900021	41	31	31	33	0	41	41	21	33	16	0	0	19	0	35	39	40	53	24	0	0	0	0	0
525900031	56	37	44	48	0	33	43	19	48	19	0	26	23	0	40	35	46	48	25	0	0	0	0	0
526900011	51	40	33	48	17	14	39	22	35	0	21	13	45	0	33	42	35	40	0	0	0	0	0	0
527900101	34	41	37	1	40	0	38	0	0	0	44	0	41	0	40	51	44	37	0	0	0	0	0	0
528900061	39	26	38	43	0	28	37	36	46	40	0	0	0	0	0	34	38	33	29	0	0	0	0	0
529900111	47	48	39	34	37	0	46	26	20	0	47	19	47	0	49	50	49	43	0	0	0	0	0	0
530900091	39	42	41	53	18	16	56	16	33	0	12	25	47	0	42	42	40	65	22	0	0	0	0	0
531900151	35	30	24	33	0	27	35	0	33	0	0	0	31	0	33	30	35	32	0	0	0	0	0	0
532802041	37	25	28	61	0	24	30	0	28	0	0	0	26	0	38	35	24	30	0	0	0	0	0	0
533802051	34	33	36	0	44	0	37	0	0	0	37	0	32	0	42	27	41	38	0	0	0	0	0	0
53409011	35	21	23	32	0	43	25	0	24	0	0	0	33	0	37	29	37	27	0	0	0	0	0	0
534200027	32	33	27	25	36	0	34	33	12	20	34	19	12	0	20	22	33	24	15	0	0	0	0	0
535200028	51	34	36	62	19	25	42	52	31	15	23	15	20	0	35	36	43	42	19	0	0	0	0	0
536212062	36	28	37	41	0	14	34	16	37	24	23	0	22	0	36	35	36	40	15	0	0	0	0	0
538224061	28	25	22	15	14	21	26	0	22	0	7	0	29	0	32	23	29	20	0	0	0	0	0	0
539224062	42	26	24	40	15	20	37	16	35	0	0	0	32	0	34	26	29	23	0	0	0	0	0	0
540230101	34	37	36	34	0	37	41	0	42	0	0	0	36	0	33	36	40	39	0	0	0	0	0	0
541230102	33	31	32	32	0	31	41	0	27	0	0	0	34	0	31	36	29	36	0	0	0	0	0	0
543236031	33	26	29	37	0	33	31	0	36	0	0	0	36	0	33	35	36	34	0	0	0	0	0	0
544000385	36	29	23	18	16	9	45	12	15	14	16	0	15	0	28	30	27	54	28	0	0	0	0	0
54409051	37	27	27	32	0	37	36	20	44	15	0	0	24	0	35	38	29	29	19	0	0	0	0	0
545000422	44	35	41	43	16	18	44	22	38	0	25	21	43	0	42	36	38	35	0	0	0	0	0	0
546000429	35	25	27	29	0	27	23	0	33	0	0	0	32	0	36	29	29	35	0	0	0	0	0	0
547000448	31	27	37	33	0	37	36	0	44	0	0	0	38	0	33	33	40	33	0	0	0	0	0	0
548000496	28	38	49	33	0	35	48	0	29	0	0	0	36	0	50	35	41	55	19	0	0	0	0	0
550800017	37	25	26	27	0	8	30	14	38	17	10	0	13	0	17	28	26	32	17	0	0	0	0	0
551800070	39	28	22	41	0	46	35	14	34	15	0	0	17	0	23	33	32	28	21	0	0	0	0	0
552809062	41	35	34	47	17	16	42	20	46	0	23	24	40	0	49	41	45	36	0	0	0	0	0	0
553815101	32	25	28	34	0	25	31	0	34	0	0	0	27	0	44	38	23	24	0	0	0	0	0	0
554824101	32	28	34	17	14	12	27	0	17	0	15	0	36	0	27	29	27	29	0	0	0	0	0	0
555824102	47	30	36	41	0	46	39	0	39	0	0	0	37	0	45	43	36	40	0	0	0	0	0	0
556827101	35	26	31	18	19	12	39	13	23	13	11	0	17	0	36	43	32	43	39	0	0	0	0	0
557844101	23	33	27	34	0	23	23	0	29	0	0	0	23	0	24	23	22	28	0	0	0	0	0	0
558809011	44	31	28	22	17	17	14	18	13	14	20	17	14	0	18	30	32	23	0	0	0	0	0	0
55911051	39	30	28	16	13	10	28	19	13	6	13	18	14	0	28	18	29	23	20	0	0	0	0	0
559809021	33	24	28	25	0	40	28	0	36	0	0	0	33	0	32	33	32	32	0	0	0	0	0	0
560809022	32	38	45	38	0	36	44	0	42	0	0	0	39	0	45	31	40	36	0	0	0	0	0	0
561815021	33	26	35	32	15	15	30	28	26	20	12	16	14	0	19	30	29	29	17	0	0	0	0	0
562815032	40	41	36	39	22	26	33	42	42	22	22	23	20	0	29	40	44	38	22	0	0	0	0	0
563000569	25	31	29	19	11	19	31	0	12	0	10	0	35	0	27	24	23	33	0	0	0	0	0	0
564832012	38	30	31	36	0	29	35	0	24	0	0	0	33	0	25	31	31	34	0	0	0	0	0	0
565126021	42	48	47	41	0	44	42	0	44	0	0	0	49	0	45	47	45	41	0	0	0	0	0	0
566106091	55	37	55	39	0	39	42	0	44	0	0	0	45	0	46	47	49	53	0	0	0	0	0	0
567100315	29	19	24	16	13	15	28	0	11	0	13	0	26	0	22	20	24	20	0	0	0	0	0	0
568112011	27	22	27	36	14	14	26	31	30	18	10	15	9	0	17	26	30	29	12	0	0	0	0	0
56911052	29	26	21	25	13	22	31	28	15	20	13	0	0	0	0	38	19	24	26	0	0	0	0	0
569122051	39	32	33	28	0	32	39	21	30	19	0	0	15	0	27	36	35	30	11	0	0	0	0	0
570122061	28	36	38	15	20	16	30	14	22	17	14	16	21	0	22	22	41	32	16	0	0	0	0	0
571000358	31	31	24	27	14	17	27	0	15	0	18	0	31	0	29	33	34	33	0	0	0	0	0	0
572122013	55	39	30	34	17	18	44	0	30	0	19	0	40	0	36	40	44	40	0	0	0	0	0	0
573100301	36	22	25	26	0	29	27	16	35	7	0	0	17	0	17	24	27	29	17	0	0	0	0	0
574003082	28	31	29	26	0	35	27	0	36	0	0	0	40	0	24	22	32	25	0	0	0	0	0	0
575300031	34	19	29	67	0	30	26	0	35	0	0	0	34	0	35	32	34	36	0	0	0	0	0	0
576000031	43	45	47	39	0	32	39	0	39	0	0	0	45	0	42	36	46	38	0	0	0	0	0	0
577000032	46	28	32	21	19	11	35	0	18	0	24	0	40	0	33	41	40	45	0	0	0	0	0	0
578323051	31	25	25	26	0	29	24	0	29	0	0	0	24	0	45	33	26	28	0	0	0	0	0	0
579020062	34	22	23	28	0	26	26	16	25	15	0	13	15	0	19	23	26	30	16	0	0	0	0	0
57914021	30	25	27	17	14	22	26	11	13	12	12	13	15	0	25	25	29	27	15	0	0	0	0	0
580000088	49	40	40	39	0	43	43	20	41	15	0	17	21	0	34	52	50	46	22	0	0	0	0	0
581020052	61	38	50	49	0	48	43	0	56	0	0	0	22	0	52	29	48	48	0	0	0	0	0	0
582011101	29	25	19	28	0	27	27	13	36	12	0	0	14	0	25	28	26	34	15	0	0	0	0	0
583016011	25	33	27	20	14	18	26	0	24	0	12	0	27	0	36	28	32	35	0	0	0	0	0	0
584016071	29	22	23	22	0	29	28	0	24	0	0	0	28	0	31	24	32	22	0	0	0	0	0	0
585016092	24	27	20	12	13	12	28	0	13	0	13	0	27	0	29	18	25	13	0	0	0	0	0	0
586000089	35	23	29	31	0	27	35	0	37	0	0	0	26	0	29	23	32	24	0	0	0	0	0	0
587011051	39	42	36	44	0	40	39	0	49	0	0	0	37	0	34	35	37	39	0	0	0	0	0	0
588314051	28	24	21	16	11	12	25	0	16	0	11	0	29	0	33	32	29	32	0	0	0	0	0	0
589000356	31	42	32	58	20	24	32	15	32	0	22	20	30	0	48	44	51	33	0	0	0	0	0	0
58908011	33	27	25	22	32	20	37	15	14	0	13	0	33	0	42	33	28	40	12	0	0	0	0	0
590000426	57	55	46	52	0	45	51	0	57	0	0	0	51	0	44	38	56	50	0	0	0	0	0	0
591920071	42	41	44	61	22	23	41	53	55	27	20	20	24	0	27	52	43	40	21	0	0	0	0	0
592911051	35	24	26	27	0	28	21	0	30	0	0	0	27	0	28	19	26	23	0	0	0	0	0	0
593918082	35	27	27	28	0	25	24	0	26	0	0	0	28	0	27	28	24	25	0	0	0	0	0	0
594913051	35	28	32	33	0	36	33	0	28	0	0	0	35	0	32	33	35	25	0	0	0	0	0	0
595913111	22	29	22	25	15	14	25	11	30	0	10	15	28	0	33	26	21	32	0	0	0	0	0	0
59603011	37	14	27	33	0	31	28	0	37	0	0	0	31	0	32	27	23	25	0	0	0	0	0	0
596906101	40	22	25	19	35	0	26	29	15	12	28	14	15	0	16	27	31	32	18	0	0	0	0	0
597200217	46	48	46	58	0	43	49	55	62	54	0	0	0	0	0	51	48	59	45	0	0	0	0	0
599208021	21	31	27	0	27	0	0	39	0	30	13	0	0	0	0	38	30	0	0	0	0	0	0	0
600211031	32	26	22	17	15	11	14	15	16	20	20	0	20	0	17	31	24	13	0	0	0	0	0	0
601211052	44	37	39	40	0	35	40	0	37	0	0	0	36	0	39	33	42	30	0	0	0	0	0	0
602211091	52	41	41	26	23	29	44	0	14	0	16	0	51	0	43	46	48	49	0	0	0	0	0	0
603211092	26	35	27	22	17	16	28	12	12	12	12	0	14	0	16	39	34	33	11	0	0	0	0	0
604214091	32	30	29	32	0	27	40	13	34	23	0	0	20	0	15	32	31	25	17	0	0	0	0	0
605228011	42	26	26	41	1	27	31	0	18	0	0	0	35	0	41	37	31	30	0	0	0	0	0	0
606224012	47	38	44	22	24	30	42	0	19	0	18	0	40	0	42	31	38	33	0	0	0	0	0	0
607502081	43	31	34	34	0	34	43	0	45	0	0	0	40	0	31	32	40	35	0	0	0	0	0	0
608506011	35	37	37	45	20	14	35	41	47	20	21	33	24	0	27	32	36	42	23	0	0	0	0	0
60933051	39	36	34	25	0	27	36	0	33	0	0	0	36	0	35	23	32	35	0	0	0	0	0	0
609503101	30	38	41	20	38	0	34	21	29	0	43	21	35	0	40	35	36	44	0	0	0	0	0	0
610503102	41	41	49	46	1	47	38	26	47	46	0	0	0	0	0	30	52	39	46	0	0	0	0	0
611508041	38	28	32	41	0	39	36	0	36	0	0	0	47	0	50	44	42	38	0	0	0	0	0	0
612206051	35	28	37	33	1	36	34	0	38	0	0	0	16	0	37	21	39	32	0	0	0	0	0	0
613206052	38	28	27	32	0	43	38	0	34	0	0	0	37	0	50	34	26	35	0	0	0	0	0	0
614202101	33	31	26	14	10	17	26	0	16	0	11	0	29	0	25	31	27	28	0	0	0	0	0	0
615800019	27	32	25	33	0	33	28	0	37	0	0	0	26	0	21	27	35	25	0	0	0	0	0	0
616501091	35	23	28	28	0	30	32	0	30	0	0	0	50	0	31	26	33	31	0	0	0	0	0	0
617502082	37	32	26	28	0	36	29	0	28	0	0	0	31	0	27	25	31	30	0	0	0	0	0	0
618502071	57	31	33	40	1	43	46	0	42	0	0	0	36	0	47	27	45	42	0	0	0	0	0	0
61929041	23	27	29	29	0	37	34	0	31	0	0	0	29	0	22	20	29	26	0	0	0	0	0	0
619507061	33	30	27	34	34	1	34	16	13	0	33	9	34	0	36	31	37	36	0	0	0	0	0	0
620523031	46	43	45	52	0	47	58	0	48	0	0	0	51	0	46	36	59	46	0	0	0	0	0	0
621523032	36	47	47	43	0	53	44	0	55	0	0	0	46	0	47	41	44	42	0	0	0	0	0	0
622523092	30	27	34	36	15	13	35	14	31	0	15	17	32	0	47	35	34	40	0	0	0	0	0	0
623523111	30	31	37	32	13	16	33	14	24	0	16	17	34	0	31	34	33	37	0	0	0	0	0	0
624500287	34	36	31	37	0	37	37	35	31	37	0	0	0	0	0	34	40	36	39	0	0	0	0	0
625528081	47	41	40	0	39	0	21	17	0	22	42	0	25	0	18	40	51	19	0	0	0	0	0	0
626528021	34	27	25	33	15	17	26	15	22	0	15	17	26	0	24	32	21	33	0	0	0	0	0	0
627513061	52	40	47	39	16	19	30	49	37	36	20	38	0	0	0	34	37	40	37	0	0	0	0	0
628000409	36	36	27	42	38	0	36	32	38	1	35	0	33	0	41	25	34	35	0	0	0	0	0	0
629000523	43	35	29	47	17	20	36	19	34	0	13	10	34	0	28	43	30	44	0	0	0	0	0	0
62929011	41	39	39	48	1	50	44	0	51	0	0	0	33	0	40	49	47	40	0	0	0	0	0	0
630000403	39	39	32	31	24	18	37	0	13	0	16	0	44	0	30	35	34	45	0	0	0	0	0	0
631000405	47	35	40	38	0	41	42	17	51	22	0	21	20	0	27	31	47	46	19	0	0	0	0	0
632000410	25	22	24	29	16	13	26	30	33	12	16	15	13	0	23	21	25	23	12	0	0	0	0	0
633312061	27	26	25	20	15	12	35	0	12	0	13	0	24	0	19	32	25	40	0	0	0	0	0	0
634300224	30	22	25	25	0	24	26	13	24	8	0	0	11	0	18	23	25	28	12	0	0	0	0	0
635323081	37	24	24	27	0	25	31	0	15	0	0	0	30	0	26	20	25	24	0	0	0	0	0	0
636902031	47	33	44	41	0	50	36	0	39	0	0	0	35	0	34	30	40	36	0	0	0	0	0	0
637323091	27	29	32	26	22	0	28	29	11	16	27	11	15	0	23	23	25	27	14	0	0	0	0	0
63929012	28	25	25	37	0	29	31	0	20	0	0	0	32	0	34	25	32	31	0	0	0	0	0	0
639417062	44	35	31	29	14	19	33	0	5	0	13	0	35	0	40	36	31	40	0	0	0	0	0	0
640417051	46	32	36	28	0	33	35	34	32	41	0	16	0	0	0	45	34	35	42	0	0	0	0	0
641427041	29	24	22	34	14	21	29	20	26	0	12	11	24	0	27	24	29	26	0	0	0	0	0	0
642705082	39	30	23	29	0	32	28	24	35	25	0	0	0	0	0	26	24	29	27	0	0	0	0	0
643417011	23	28	22	12	9	14	28	0	10	0	13	0	22	0	41	26	28	27	0	0	0	0	0	0
64404101	29	25	28	30	0	25	26	0	28	0	0	0	31	0	24	22	31	22	0	0	0	0	0	0
644417012	34	32	33	18	0	31	17	0	33	21	0	0	14	0	15	12	35	17	0	0	0	0	0	0
645401031	48	45	49	50	27	28	44	47	46	20	24	23	18	0	36	55	55	37	16	0	0	0	0	0
646405061	62	50	43	71	27	25	49	88	69	50	27	55	0	0	0	61	60	62	68	0	0	0	0	0
647405102	26	22	27	23	15	12	30	0	21	0	16	0	30	0	36	34	34	34	0	0	0	0	0	0
649927031	29	29	31	35	19	21	46	17	30	0	18	14	34	0	43	31	32	43	15	0	0	0	0	0
651923072	22	34	23	37	17	15	52	17	25	0	11	0	18	0	31	17	33	42	17	0	0	0	0	0
653000468	32	33	39	27	0	34	39	0	29	0	0	0	33	0	43	40	32	31	0	0	0	0	0	0
654000467	40	38	28	41	15	16	34	32	32	22	14	30	18	0	31	29	34	37	15	0	0	0	0	0
65414101	36	39	31	35	0	32	28	0	31	0	0	0	36	0	36	27	30	24	0	0	0	0	0	0
656901101	36	33	34	17	19	21	16	19	20	24	0	0	19	0	21	34	44	20	0	0	0	0	0	0
658402011	51	48	52	27	22	19	42	0	21	0	22	0	44	0	49	43	53	45	0	0	0	0	0	0
659404021	28	28	27	41	17	14	26	11	28	0	17	11	36	0	25	25	39	31	0	0	0	0	0	0
660407051	55	47	49	69	0	61	45	25	46	30	0	0	27	0	45	57	54	46	20	0	0	0	0	0
661407041	33	27	32	39	0	29	41	0	36	0	0	0	38	0	30	34	30	33	0	0	0	0	0	0
662000476	45	39	44	43	18	18	35	19	35	0	19	21	31	0	43	38	38	32	0	0	0	0	0	0
663921051	34	26	26	29	13	14	23	10	29	0	12	15	26	0	38	25	28	30	0	0	0	0	0	0
66417082	32	29	29	27	32	1	39	35	16	18	34	31	19	0	22	37	33	31	21	0	0	0	0	0
664934021	28	24	27	28	0	25	24	16	37	11	0	21	13	0	22	23	32	31	17	0	0	0	0	0
665921081	40	19	25	34	0	31	28	13	33	13	0	0	19	0	23	26	39	28	10	0	0	0	0	0
666442081	26	21	30	28	0	28	22	0	30	0	0	0	32	0	29	32	33	28	0	0	0	0	0	0
667934102	37	31	19	22	21	0	16	30	18	13	32	12	14	0	16	25	29	12	0	0	0	0	0	0
670208081	38	35	35	36	0	29	39	0	38	0	0	0	36	0	38	31	33	38	0	0	0	0	0	0
671208082	32	23	21	25	0	35	31	0	29	0	0	0	32	0	26	28	30	24	0	0	0	0	0	0
672208061	31	23	31	21	11	12	28	10	21	13	13	0	12	0	18	17	23	28	15	0	0	0	0	0
673715061	30	24	29	32	0	36	36	0	25	0	0	0	31	0	29	27	29	32	0	0	0	0	0	0
674703041	48	39	40	42	1	43	42	23	58	22	0	0	20	0	32	42	49	46	24	0	0	0	0	0
675000350	31	34	30	41	0	36	35	0	32	0	0	0	34	0	35	41	37	40	0	0	0	0	0	0
676719081	47	33	35	42	17	18	34	36	36	18	15	38	15	0	23	35	38	31	17	0	0	0	0	0
677226041	22	28	22	22	0	26	23	19	21	15	0	0	15	0	16	24	26	31	12	0	0	0	0	0
678226042	54	38	38	44	0	43	37	0	37	0	0	0	39	0	36	58	41	36	0	0	0	0	0	0
67903011	38	30	28	28	0	34	29	0	30	0	0	0	17	0	35	14	31	30	0	0	0	0	0	0
679226032	36	26	41	45	0	14	40	19	46	0	20	17	37	0	28	30	38	34	0	0	0	0	0	0
680000556	21	33	30	33	14	14	24	32	35	9	14	28	13	0	17	22	27	29	9	0	0	0	0	0
681000475	34	26	31	37	0	40	35	0	35	0	0	0	32	0	44	31	37	26	0	0	0	0	0	0
682409091	46	28	33	38	21	21	37	15	26	0	17	19	37	0	45	44	45	43	0	0	0	0	0	0
683407031	43	33	36	48	0	40	36	21	37	0	0	20	50	0	46	41	41	38	0	0	0	0	0	0
685903011	28	23	27	44	29	0	29	30	25	0	20	25	15	0	31	10	28	24	0	0	0	0	0	0
686907091	31	25	22	30	0	29	26	0	30	0	0	0	32	0	31	29	25	33	0	0	0	0	0	0
687912091	58	39	45	34	19	25	22	25	26	27	21	0	21	0	18	42	48	22	0	0	0	0	0	0
688929011	41	35	33	35	0	37	45	0	38	0	0	0	40	0	42	41	39	46	0	0	0	0	0	0
68922043	27	21	26	37	0	29	28	0	17	0	0	0	24	0	25	22	28	28	0	0	0	0	0	0
690901071	37	30	36	33	0	30	37	17	43	13	0	17	17	0	25	41	28	42	13	0	0	0	0	0
692420091	47	35	25	16	22	14	36	0	16	0	13	0	38	0	40	28	30	34	0	0	0	0	0	0
693209051	30	32	35	40	0	39	37	0	43	0	0	0	35	0	34	29	36	34	0	0	0	0	0	0
694209052	46	40	27	47	1	37	41	21	51	23	0	0	19	0	23	41	39	53	15	0	0	0	0	0
695209021	45	30	31	44	0	36	33	0	41	0	0	0	45	0	38	26	32	50	0	0	0	0	0	0
696206071	41	32	40	49	0	45	34	21	41	22	0	0	23	0	30	46	42	50	18	0	0	0	0	0
697206072	30	30	27	31	0	34	38	0	20	0	0	0	28	0	33	32	34	28	0	0	0	0	0	0
698300155	35	34	28	37	0	36	29	0	37	0	0	0	34	0	37	29	30	19	0	0	0	0	0	0
69929081	34	22	32	22	18	14	28	0	11	0	16	0	41	0	33	35	37	37	0	0	0	0	0	0
800207091	37	33	26	34	0	29	28	0	32	0	0	0	34	0	29	29	30	27	0	0	0	0	0	0
801213101	42	37	45	30	20	24	37	21	19	20	16	0	16	0	29	45	40	34	20	0	0	0	0	0
802123041	48	33	34	46	0	36	42	0	54	0	0	0	48	0	29	31	40	38	0	0	0	0	0	0
803123042	44	48	37	28	16	21	49	0	24	0	19	0	44	0	53	40	49	41	0	0	0	0	0	0
804131031	27	28	22	31	0	24	28	0	20	0	0	0	30	0	30	26	28	30	0	0	0	0	0	0
80418051	54	42	39	55	17	26	43	75	54	40	20	39	0	0	1	50	53	36	42	0	0	0	0	0
805105101	32	30	30	27	0	34	29	0	41	0	0	0	32	0	22	39	31	34	0	0	0	0	0	0
806105102	30	21	19	21	32	0	36	15	11	0	31	13	29	0	38	29	32	45	15	0	0	0	0	0
808311032	41	32	29	46	16	20	25	33	37	20	15	35	15	0	22	25	37	28	21	0	0	0	0	0
810200141	28	27	19	26	0	30	32	17	33	25	0	0	19	0	23	28	27	27	15	0	0	0	0	0
811225081	19	24	21	22	0	19	26	0	23	0	0	0	24	0	25	30	25	29	0	0	0	0	0	0
812023062	35	30	25	24	12	22	15	15	16	17	17	0	13	0	18	34	28	10	0	0	0	0	0	0
813016061	37	30	25	31	16	14	36	13	34	0	9	12	24	0	25	30	25	29	0	0	0	0	0	0
81418052	56	41	37	45	15	16	50	46	52	26	19	27	21	0	37	48	33	38	20	0	0	0	0	0
814903031	30	23	27	32	0	28	29	0	33	0	0	0	32	0	26	25	30	36	0	0	0	0	0	0
815407031	31	24	31	34	23	19	32	12	28	0	17	19	32	0	38	26	33	28	0	0	0	0	0	0
816400231	46	33	44	22	0	31	42	0	50	0	0	0	23	0	40	16	44	43	0	0	0	0	0	0
817922021	27	21	26	29	1	28	24	0	25	0	0	0	26	0	27	21	23	23	0	0	0	0	0	0
818918011	32	33	36	38	0	37	33	0	23	0	0	0	30	0	31	41	38	25	0	0	0	0	0	0
819800030	43	36	37	49	0	38	42	37	47	31	0	0	0	0	0	42	41	45	51	0	0	0	0	0
820000506	22	24	17	27	0	25	29	0	16	0	0	0	27	0	24	28	28	24	0	0	0	0	0	0
8227031	40	40	44	44	0	37	46	0	55	0	0	0	39	0	42	36	41	35	0	0	0	0	0	0
822823072	24	28	21	14	12	9	21	0	13	0	11	0	21	0	28	24	22	19	0	0	0	0	0	0
823810121	35	19	19	17	12	15	25	13	17	14	17	0	11	0	23	27	25	25	10	0	0	0	0	0
82425021	42	35	35	53	0	38	58	32	52	13	0	22	19	0	30	37	37	57	46	0	0	0	0	0
824810122	23	29	23	29	0	24	28	0	22	0	0	0	28	0	30	26	29	39	0	0	0	0	0	0
825605071	33	29	26	37	12	14	29	34	23	16	15	34	15	0	27	26	29	27	14	0	0	0	0	0
826605072	30	35	33	38	0	31	27	12	26	0	0	14	28	0	38	31	39	36	0	0	0	0	0	0
827607111	33	26	33	27	13	13	24	12	36	0	13	12	31	0	37	30	28	29	0	0	0	0	0	0
828604051	39	30	34	38	0	38	37	0	30	0	0	0	39	0	30	36	45	40	0	0	0	0	0	0
829211061	21	20	31	22	13	8	21	11	7	16	11	10	10	0	20	19	23	28	8	0	0	0	0	0
830203042	39	33	46	29	45	0	37	41	28	24	32	42	27	0	38	53	48	32	23	0	0	0	0	0
831205021	41	51	51	20	0	46	15	0	42	29	0	0	22	0	12	25	42	23	0	0	0	0	0	0
832901032	30	29	20	20	13	15	26	0	15	0	11	0	31	0	23	34	32	29	0	0	0	0	0	0
833922051	30	26	27	33	0	29	27	14	32	15	0	0	15	0	15	30	28	30	14	0	0	0	0	0
83425022	40	40	46	38	23	23	40	39	44	23	19	21	20	0	26	49	41	44	19	0	0	0	0	0
835930011	51	30	32	44	0	48	42	0	64	0	0	0	46	0	37	46	40	40	0	0	0	0	0	0
836930072	36	24	25	29	0	27	42	0	27	0	0	0	34	0	35	35	33	49	14	0	0	0	0	0
837001011	27	30	27	30	0	29	45	0	25	0	0	0	27	0	30	26	35	38	11	0	0	0	0	0
838001021	32	25	29	28	0	26	27	0	16	0	0	0	31	0	25	20	23	21	0	0	0	0	0	0
839007051	44	32	46	32	0	40	43	20	53	14	0	0	25	0	27	39	41	42	16	0	0	0	0	0
840007041	30	31	28	40	0	35	36	15	40	14	0	0	17	0	22	27	39	35	17	0	0	0	0	0
841108042	40	32	36	45	12	22	51	38	37	6	13	16	14	0	30	31	36	54	32	0	0	0	0	0
842112081	63	43	40	65	0	56	45	0	58	0	0	0	48	0	42	40	63	41	0	0	0	0	0	0
843112071	36	39	49	0	43	0	40	0	0	0	37	0	41	0	34	48	44	39	0	0	0	0	0	0
844112061	23	25	24	31	0	27	25	12	34	12	0	0	13	0	22	21	23	17	16	0	0	0	0	0
84428022	34	24	29	20	0	36	15	0	30	17	0	0	14	0	12	18	27	14	0	0	0	0	0	0
845112062	36	33	35	41	0	30	27	0	39	0	0	0	30	0	24	32	40	39	0	0	0	0	0	0
847939062	42	20	33	28	0	32	34	16	36	14	0	0	13	0	24	33	27	33	18	0	0	0	0	0
848331071	29	27	35	38	21	19	34	31	42	12	16	38	21	0	25	41	33	39	28	0	0	0	0	0
849106091	33	35	40	44	22	12	38	40	30	31	11	20	16	0	23	34	44	35	21	0	0	0	0	0
850206101	34	39	34	26	0	28	39	0	41	0	0	0	32	0	41	27	35	39	0	0	0	0	0	0
851230081	32	28	26	21	17	12	28	0	15	0	14	0	28	0	37	33	31	26	0	0	0	0	0	0
852220051	38	29	35	32	15	23	35	31	33	4	12	14	17	0	20	42	24	27	17	0	0	0	0	0
853216071	34	28	37	54	30	0	32	57	27	10	31	42	18	0	32	35	36	28	23	0	0	0	0	0
854200282	33	40	39	37	16	20	33	19	37	0	16	23	32	0	39	39	39	48	0	0	0	0	0	0
85428051	47	44	32	41	16	25	41	16	30	0	19	18	38	0	42	41	30	39	0	0	0	0	0	0
855227091	34	33	23	35	1	29	30	0	37	0	0	0	34	0	34	34	37	28	0	0	0	0	0	0
856103091	41	42	33	33	38	0	46	45	23	16	42	36	20	0	33	40	40	29	30	0	0	0	0	0
857103081	40	38	32	30	33	0	42	38	23	22	30	37	18	0	35	29	33	41	25	0	0	0	0	0
858000540	40	29	27	33	0	36	35	0	26	0	0	0	30	0	34	47	34	33	0	0	0	0	0	0
859630011	41	37	29	29	0	39	36	18	28	18	0	0	19	0	27	34	36	32	25	0	0	0	0	0
860809022	38	39	30	22	33	0	33	18	16	0	24	0	38	0	32	28	38	35	0	0	0	0	0	0
861812011	36	30	30	41	18	22	35	30	40	17	17	13	23	0	29	46	39	47	10	0	0	0	0	0
862900051	35	30	29	21	0	26	14	0	37	0	0	0	14	0	21	9	23	12	0	0	0	0	0	0
863900061	51	38	46	38	0	49	53	1	56	0	0	0	46	0	71	47	45	46	0	0	0	0	0	0
86428052	31	22	32	33	16	14	27	11	29	0	16	14	29	0	23	31	26	29	0	0	0	0	0	0
864914071	37	25	35	40	0	35	34	0	29	0	0	0	36	0	38	38	43	40	0	0	0	0	0	0
865000557	27	21	15	17	12	8	26	0	15	0	15	0	28	0	23	23	29	23	0	0	0	0	0	0
866604021	35	29	32	27	0	39	30	17	47	10	0	0	20	0	13	30	25	28	13	0	0	0	0	0
868610051	41	26	24	18	16	14	26	0	13	0	14	0	34	0	31	26	35	29	0	0	0	0	0	0
869541071	41	33	52	35	45	0	41	46	20	28	54	36	29	0	28	35	46	40	21	0	0	0	0	0
870400071	31	19	28	34	13	11	24	28	21	0	14	11	32	0	38	26	33	29	0	0	0	0	0	0
871400011	39	33	29	41	0	31	35	0	25	0	0	0	34	0	33	30	37	38	0	0	0	0	0	0
872400021	37	47	43	79	21	24	42	55	66	0	22	0	45	0	41	63	41	44	0	0	0	0	0	0
873115091	48	42	42	35	0	31	42	0	15	0	0	0	44	0	28	41	35	41	0	0	0	0	0	0
874000021	29	25	29	41	19	18	30	50	39	33	17	32	0	0	0	41	32	24	37	0	0	0	0	0
87428053	43	49	44	56	24	22	43	23	46	0	25	29	42	0	42	42	36	38	0	0	0	0	0	0
875000031	36	35	29	40	0	33	35	0	48	0	0	0	33	0	43	38	31	33	0	0	0	0	0	0
876806031	41	45	43	45	1	42	43	0	32	0	0	0	50	0	39	47	39	38	0	0	0	0	0	0
877819091	42	26	31	22	21	18	29	0	12	0	16	0	34	0	36	40	33	36	0	0	0	0	0	0
879809041	30	26	31	35	18	18	30	17	26	0	14	11	43	0	48	36	41	36	0	0	0	0	0	0
880808061	44	29	30	33	0	33	34	13	34	11	0	0	18	0	22	25	30	26	18	0	0	0	0	0
881813041	46	41	27	45	0	34	39	0	32	0	0	0	43	0	34	33	47	44	0	0	0	0	0	0
88220081	32	31	31	35	15	16	27	16	25	0	12	14	34	0	40	25	26	30	0	0	0	0	0	0
882730051	36	25	30	37	0	36	32	0	31	0	0	0	37	0	33	33	29	28	0	0	0	0	0	0
883701052	49	36	31	45	0	32	32	0	31	0	0	0	43	0	29	39	40	34	0	0	0	0	0	0
884000530	21	30	30	38	0	32	33	0	25	0	0	0	31	0	33	42	27	24	0	0	0	0	0	0
885000534	44	35	43	48	15	20	39	21	44	0	0	0	40	0	43	44	36	42	0	0	0	0	0	0
886000538	39	32	38	37	1	34	34	0	45	0	0	0	27	0	28	42	29	40	0	0	0	0	0	0
887000453	46	29	25	0	29	0	23	0	0	0	26	0	31	0	25	23	26	40	0	0	0	0	0	0
888000458	56	58	48	61	24	25	46	30	49	0	24	31	59	0	40	53	59	55	0	0	0	0	0	0
889110131	45	42	30	51	29	0	32	48	42	15	33	62	15	0	25	39	35	29	13	0	0	0	0	0
890110091	35	24	24	29	0	30	28	14	33	9	0	0	16	0	26	28	28	27	12	0	0	0	0	0
891400031	42	40	34	49	0	44	48	0	55	0	0	0	38	0	42	26	39	43	0	0	0	0	0	0
89220082	33	25	35	31	12	20	27	13	30	0	18	22	28	0	25	24	29	31	0	0	0	0	0	0
893226021	39	31	38	38	0	42	31	0	31	0	0	0	34	0	35	44	35	36	0	0	0	0	0	0
894207061	32	24	25	31	0	29	27	0	37	0	0	0	28	0	26	23	31	29	0	0	0	0	0	0
896105021	39	32	32	29	0	29	22	0	19	0	0	0	26	0	29	28	35	26	0	0	0	0	0	0
897109041	48	39	40	42	0	45	72	19	43	30	0	0	23	0	43	55	39	81	49	0	0	0	0	0
898106061	37	29	28	39	0	34	32	0	32	0	0	0	34	0	22	30	26	32	0	0	0	0	0	0
