SAMPLE	5UPKIR	HLA-E	HLA-G	KIR2DL1	KIR2DL2	KIR2DL3	KIR2DL4	KIR2DL5AB	KIR2DP1	KIR2DS1	KIR2DS2	KIR2DS3	KIR2DS4	KIR2DS5	KIR3DL1	KIR3DL2	KIR3DL3	KIR3DP1	KIR3DS1	LILRB1	LILRB2	LILRB3	LILRB4	LILRB5
1000206901	1	1	1	1	1	1	1	1	1	1	1	1	1	0	1	1	1	1	1	1	1	0	1	1
100102082	1	1	1	1	0	1	1	0	1	0	0	0	1	0	1	1	1	1	0	1	1	1	1	0
1001207701	1	1	1	1	0	1	1	0	1	0	0	0	1	0	1	1	1	1	0	1	1	0	1	0
1002209901	1	1	1	1	1	1	1	0	1	0	1	0	1	0	1	1	1	1	0	1	1	1	1	1
1003210301	1	1	1	1	1	1	1	1	1	1	1	1	1	1	1	1	1	1	1	1	1	0	1	1
1004211301	1	1	1	1	1	1	1	0	1	0	1	0	1	0	1	1	1	1	0	1	1	1	1	1
1005214101	1	1	1	1	0	1	1	0	1	0	0	0	1	0	1	1	1	1	0	1	1	0	1	1
1007215301	1	1	1	1	1	0	1	1	1	1	1	1	1	0	1	1	1	1	1	1	1	1	1	1
1008216701	1	1	1	1	1	1	1	1	1	0	1	1	1	0	1	1	1	1	0	1	1	1	1	1
1009228901	1	1	1	1	0	1	1	0	1	0	0	0	1	0	1	1	1	1	0	1	1	0	1	1
1010616901	1	1	1	1	1	1	1	1	1	1	1	0	1	1	1	1	1	1	1	1	1	0	1	1
101106071	1	1	1	1	1	0	1	1	1	1	1	1	1	1	1	1	1	1	0	1	1	1	1	0
1011616902	1	1	1	1	1	1	1	1	1	0	0	0	1	1	1	1	1	1	0	1	1	1	1	1
1012617701	1	1	1	1	0	1	1	1	1	1	0	0	1	1	1	1	1	1	1	1	1	0	1	1
1013617501	1	1	1	1	0	1	1	0	1	1	0	0	1	0	1	1	1	1	0	1	1	0	1	1
1014604901	1	1	1	1	0	1	1	1	1	1	0	0	1	1	1	1	1	1	1	1	1	0	1	0
1015611101	1	1	1	1	1	1	1	1	1	1	1	1	1	1	1	1	1	1	1	1	1	0	1	1
1016611301	1	1	1	1	1	1	1	1	1	0	1	1	1	0	1	1	1	1	0	1	1	0	1	1
1017620101	1	1	1	1	0	1	1	1	1	1	0	0	1	1	1	1	1	1	1	1	1	0	1	1
1018621701	1	1	1	1	1	1	1	1	1	1	1	0	1	1	1	1	1	1	1	1	1	0	1	0
1019621702	1	1	1	1	0	1	1	0	1	0	0	0	1	0	1	1	1	1	0	1	1	0	1	1
1020330101	1	1	1	1	0	1	1	0	1	0	0	0	1	0	1	1	1	1	0	1	1	0	1	0
102116021	1	1	1	1	0	1	1	0	1	0	0	0	1	0	1	1	1	1	0	1	1	0	1	1
1022306301	1	1	1	1	1	0	1	1	1	0	1	0	1	1	1	1	1	1	0	1	1	1	1	1
10227052	1	1	1	1	1	1	1	1	1	1	1	1	1	1	1	1	1	1	1	1	1	1	1	1
1023311101	1	1	1	1	1	1	1	1	1	1	1	1	0	1	0	1	1	1	1	1	1	0	1	1
1024311301	1	1	1	1	1	1	1	1	1	1	1	1	1	1	1	1	1	1	1	1	1	0	1	1
1025318501	1	1	1	1	0	1	1	1	1	1	0	0	1	1	1	1	1	1	1	1	1	0	1	0
1026319101	1	1	1	0	1	0	1	0	0	0	1	0	1	0	1	1	1	1	0	1	1	0	1	1
1027328701	1	1	1	1	0	1	1	1	1	1	0	0	0	1	0	1	1	1	1	1	1	0	1	0
1028328901	1	1	1	1	0	1	1	1	1	1	0	0	1	1	1	1	1	1	1	1	1	0	1	1
1029307901	1	1	1	1	1	1	1	0	1	0	1	0	1	0	1	1	1	1	0	1	1	0	1	1
1030315301	1	1	1	1	1	1	1	1	1	1	1	0	1	1	1	1	1	1	1	1	1	0	1	1
103116022	1	1	1	1	1	1	1	1	1	1	1	0	1	1	1	1	1	1	0	1	1	0	1	0
1031824301	1	1	1	1	1	1	1	1	1	1	1	1	0	1	0	1	1	1	1	1	1	0	1	1
1032827101	1	1	1	1	1	1	1	1	1	1	1	1	1	1	1	1	1	1	1	1	1	0	1	1
1034803101	1	1	1	1	1	1	1	1	1	1	1	1	1	1	1	1	1	1	1	1	1	0	1	1
1035816701	1	1	1	1	1	1	1	1	1	1	1	0	1	1	1	1	1	1	1	1	1	0	1	1
1036806701	1	1	1	1	1	1	1	1	1	0	0	0	1	1	1	1	1	1	0	1	1	1	1	1
1037800501	1	1	1	1	0	1	1	1	1	1	0	0	1	1	1	1	1	1	1	1	1	1	0	1
1038800301	1	1	1	1	1	1	1	1	1	0	1	1	1	0	1	1	1	1	0	1	1	0	1	1
1039801301	1	1	1	1	0	1	1	0	1	0	0	0	1	0	1	1	1	1	0	1	1	0	1	1
1040822501	1	1	1	1	1	1	1	1	1	1	1	1	1	1	1	1	1	1	1	1	1	1	1	1
104116082	1	1	1	1	1	1	1	0	1	0	1	0	1	0	1	1	1	1	0	1	1	0	0	1
1041302101	1	1	1	1	1	1	1	0	1	0	1	0	1	0	1	1	1	1	0	1	1	1	1	1
1042404301	1	1	1	1	1	1	1	1	1	0	1	1	1	0	1	1	1	1	0	1	1	0	1	1
1043306901	1	1	1	1	1	1	1	1	1	1	1	1	1	1	1	1	1	1	1	1	1	0	1	1
1044307701	1	1	1	1	0	1	1	0	1	0	0	0	1	0	1	1	1	1	0	1	1	0	1	1
1045318901	1	1	1	1	1	1	1	1	1	0	0	0	1	1	1	1	1	1	0	1	1	0	1	0
1046324501	1	1	1	1	0	1	1	1	1	1	1	1	0	1	0	1	1	1	1	1	1	1	1	0
1047326101	1	1	1	1	0	1	1	0	1	0	0	0	1	0	1	1	1	1	0	1	1	1	1	1
1048328901	1	1	1	1	1	1	1	1	1	1	1	0	1	1	1	1	1	1	1	1	1	0	1	1
1050333901	1	1	1	1	0	1	1	1	1	1	0	0	1	1	1	1	1	1	1	1	1	0	1	1
1051007301	1	1	1	1	0	1	1	0	1	0	0	0	1	0	1	1	1	1	0	1	1	0	1	1
1052007701	1	1	1	1	1	0	1	1	1	1	1	0	1	1	1	1	1	1	1	1	1	0	1	1
1053009701	1	1	1	1	0	1	1	0	1	0	0	0	1	0	1	1	1	1	0	1	1	0	1	1
105301031	1	1	1	1	0	1	1	0	1	0	0	0	1	0	1	1	1	1	0	1	1	0	1	1
1054020501	1	1	1	1	1	1	1	1	1	1	1	1	1	1	1	1	1	1	1	1	1	1	1	0
1055016301	1	1	1	1	1	1	1	1	1	1	1	1	1	0	1	1	1	1	1	1	1	0	1	1
1057014701	1	1	1	1	0	1	1	0	1	0	0	0	1	0	1	1	1	1	0	1	1	1	1	1
1058009901	1	1	1	1	0	1	1	0	1	0	0	0	1	0	1	1	1	1	0	1	1	0	1	0
1059310901	1	1	1	1	0	1	1	1	1	1	0	0	0	1	0	1	1	1	1	1	1	0	0	0
1060302901	1	1	1	1	1	0	1	1	1	0	1	1	1	0	1	1	1	1	0	1	1	0	1	1
1061309301	1	1	1	1	1	1	1	0	1	0	1	0	1	0	1	1	1	1	0	1	1	0	1	1
1062301301	1	1	1	1	1	0	1	1	1	0	1	1	1	0	1	1	1	1	0	1	1	0	0	1
106301032	1	1	1	1	1	0	1	1	1	0	1	1	1	1	1	1	1	1	0	1	1	0	1	0
1063331501	1	1	1	1	0	1	1	1	1	1	0	0	1	1	1	1	1	1	1	1	1	0	1	1
1064331901	1	1	1	1	1	1	1	1	1	1	1	1	1	1	1	1	1	1	1	1	1	0	1	1
1065307801	1	1	1	0	1	0	1	0	0	0	1	0	1	0	1	1	1	1	0	1	1	0	1	1
1066300601	1	1	1	1	1	1	1	1	1	0	1	1	1	0	1	1	1	1	0	1	1	0	1	1
1067305201	1	1	1	1	1	0	1	1	1	1	1	1	1	0	1	1	1	1	1	1	1	0	1	1
1068305301	1	1	1	0	1	0	1	1	0	1	1	0	1	1	1	1	1	1	0	1	1	0	1	1
1069305601	1	1	1	1	0	1	1	0	1	0	0	0	1	0	1	1	1	1	0	1	1	0	1	1
1070309701	1	1	1	1	0	1	1	0	1	0	0	0	1	0	1	1	1	1	0	1	1	0	1	0
1071310701	1	1	1	1	1	1	1	1	1	1	1	1	1	0	1	1	1	1	1	1	1	1	1	0
1072310801	1	1	1	1	1	1	1	1	1	1	1	0	1	1	1	1	1	1	1	1	1	1	1	0
107301101	1	1	1	1	0	1	1	1	1	1	0	0	1	1	1	1	1	1	1	1	1	0	1	1
1073306701	1	1	1	1	1	1	1	1	1	0	1	1	1	0	1	1	1	1	0	1	1	0	1	1
1074415201	1	1	1	1	0	1	1	0	1	0	0	0	1	0	1	1	1	1	0	1	1	1	1	0
1075415202	1	1	1	1	0	1	1	0	1	0	0	0	1	0	1	1	1	1	0	1	1	1	1	1
1076406101	1	1	1	1	1	1	1	1	1	0	1	1	1	0	1	1	1	1	0	1	1	1	1	0
1077418301	1	1	1	1	1	1	1	1	1	0	0	0	1	1	1	1	1	1	0	1	1	0	1	0
1078415001	1	1	1	1	0	1	1	0	1	0	0	0	1	0	1	1	1	1	0	1	1	1	1	1
1079410601	1	1	1	1	1	1	1	1	1	1	1	1	1	1	1	1	1	1	1	1	1	0	1	1
1080414201	1	1	1	1	1	1	1	1	1	1	1	1	1	1	1	1	1	1	1	1	1	0	1	1
1081411201	1	1	1	1	1	1	1	1	1	0	0	0	1	1	1	1	1	1	0	1	1	0	1	1
1082416301	1	1	1	1	1	1	1	1	1	1	1	0	1	1	1	1	1	1	1	1	1	0	1	1
108303082	1	1	1	1	1	1	1	0	1	0	1	0	1	0	1	1	1	1	0	1	1	0	1	1
1083645101	1	1	1	1	0	1	1	1	1	1	0	0	1	1	1	1	1	1	1	1	1	0	0	1
1084649101	1	1	1	1	1	0	1	1	1	0	1	0	1	1	1	1	1	1	0	1	1	1	1	1
1085674901	1	1	1	1	0	1	1	0	1	0	0	0	1	0	1	1	1	1	0	1	1	0	1	1
1086675791	1	1	1	1	1	1	1	1	1	0	1	1	1	0	1	1	1	1	0	1	1	1	1	1
1087643301	1	1	1	1	1	0	1	1	1	0	1	1	1	0	1	1	1	1	0	1	1	0	1	1
1088603301	1	1	1	1	0	1	1	0	1	0	0	0	1	0	1	1	1	1	0	1	1	0	1	1
1089637701	1	1	1	1	1	1	1	1	1	1	1	0	1	1	1	1	1	1	1	1	1	0	1	1
1090670301	1	1	1	1	1	1	1	1	1	1	1	1	1	0	1	1	1	1	1	1	1	0	1	0
1091616501	1	1	1	1	0	1	1	0	1	0	0	0	1	0	1	1	1	1	0	1	1	0	1	0
1092662101	1	1	1	1	1	1	1	1	1	1	1	0	1	1	1	1	1	1	0	1	1	0	1	1
109303083	1	1	1	1	1	1	1	0	1	0	1	0	1	0	1	1	1	1	0	1	1	0	1	1
1093410201	1	1	1	1	0	1	1	0	1	0	0	0	1	0	1	1	1	1	0	1	1	0	1	1
1094410202	1	1	1	1	1	1	1	0	1	0	1	0	1	0	1	1	1	1	0	1	1	0	1	1
1095415601	1	1	1	1	0	1	1	0	1	0	0	0	1	0	1	1	1	1	0	1	1	0	1	0
1096407801	1	1	1	1	0	1	1	0	1	0	0	0	1	0	1	1	1	1	0	1	1	0	1	1
1097223901	1	1	1	0	1	0	1	0	0	0	1	0	1	0	1	1	1	1	0	1	1	1	1	1
1098222101	1	1	1	1	0	1	1	0	1	0	0	0	1	0	1	1	1	1	0	1	1	1	1	1
1099223302	1	1	1	1	1	1	1	1	1	1	1	0	1	1	1	1	1	1	1	1	1	0	1	1
1101303201	1	1	1	1	0	1	1	0	1	0	0	0	1	0	1	1	1	1	0	1	1	1	1	1
1102304001	1	1	1	1	1	0	1	1	1	0	1	1	1	0	1	1	1	1	0	1	1	0	1	1
110306031	1	1	1	1	0	1	1	1	1	1	0	0	1	1	1	1	1	1	1	1	1	1	1	1
1103307601	1	1	1	1	1	1	1	1	1	0	1	1	1	0	1	1	1	1	0	1	1	0	1	1
1104308401	1	1	1	1	1	1	1	0	1	0	1	0	1	0	1	1	1	1	0	1	1	0	1	0
1105309301	1	1	1	1	0	1	1	0	1	0	0	0	1	0	1	1	1	1	0	1	1	0	1	1
1106309302	1	1	1	1	1	1	1	1	1	1	0	0	1	1	1	1	1	1	1	1	1	0	1	0
1107311001	1	1	1	1	1	1	1	1	1	1	1	0	1	1	1	1	1	1	1	1	1	0	1	1
1108317201	1	1	1	1	0	1	1	0	1	0	0	0	1	0	1	1	1	1	0	1	1	0	1	1
1109317202	1	1	1	1	0	1	1	0	1	0	0	0	1	0	1	1	1	1	0	1	1	1	1	1
1110318701	1	1	1	1	1	1	1	1	1	1	1	1	1	1	1	1	1	1	1	1	1	1	1	1
1111319301	1	1	1	1	1	1	1	1	1	1	1	1	0	1	0	1	1	1	1	1	1	0	1	1
1112517801	1	1	1	1	1	1	1	1	1	0	1	0	1	1	1	1	1	1	0	1	1	0	1	1
111306051	1	1	1	1	1	0	1	1	1	0	1	1	1	0	1	1	1	1	0	1	1	0	1	1
1113557401	1	1	1	1	0	1	1	1	1	1	0	0	1	1	1	1	1	1	1	1	1	1	1	1
1114222501	1	1	1	1	0	1	1	0	1	0	0	0	1	0	1	1	1	1	0	1	1	1	1	1
1115534601	1	1	1	1	1	1	1	1	1	0	1	1	1	0	1	1	1	1	1	1	1	0	1	1
1116208702	1	1	1	1	1	1	1	1	1	1	1	1	1	0	1	1	1	1	1	1	1	0	1	1
1117525001	1	1	1	1	0	1	1	0	1	0	0	0	1	0	1	1	1	1	0	1	1	1	1	1
1118225101	1	1	1	1	1	0	1	1	1	0	1	0	1	1	1	1	1	1	0	1	1	0	1	1
1119561901	1	1	1	1	1	1	1	1	1	0	1	1	1	0	1	1	1	1	0	1	1	0	1	1
1120208701	1	1	1	1	0	1	1	0	1	0	0	0	1	0	1	1	1	1	0	1	1	0	1	1
1122217501	1	1	1	0	1	0	1	0	0	0	1	0	1	0	1	1	1	1	0	1	1	0	1	1
1123524701	1	1	1	1	1	1	1	1	1	1	1	1	1	0	1	1	1	1	1	1	1	0	1	1
1125533701	1	1	1	1	0	1	1	1	1	1	0	0	1	1	1	1	1	1	1	1	1	0	1	1
1126220301	1	1	1	1	1	0	1	1	1	1	1	1	1	0	1	1	1	1	1	1	1	0	1	1
1127231901	1	1	1	1	0	1	1	1	1	1	1	0	1	1	1	1	1	1	0	1	1	1	1	1
1128125001	1	1	1	1	1	1	1	1	1	0	1	0	0	1	1	0	1	1	0	1	1	1	1	1
1129125002	1	1	1	1	1	0	1	1	1	0	1	1	1	0	1	1	1	1	0	1	1	0	1	1
1130125901	1	1	1	1	0	1	1	0	1	0	0	0	1	0	1	1	1	1	0	1	1	0	1	0
1131137001	1	1	1	1	1	1	1	0	1	0	1	0	1	0	1	1	1	1	0	1	1	0	1	1
1132140901	1	1	1	1	1	1	1	1	1	0	1	1	1	0	1	1	1	1	0	1	1	1	0	1
113306062	1	1	1	1	0	1	1	1	1	0	0	0	1	1	1	1	1	1	0	1	1	1	1	1
1133814801	1	1	1	1	1	1	1	1	1	0	1	1	1	0	1	1	1	1	0	1	1	1	1	1
1134304501	1	1	1	1	0	1	1	0	1	0	0	0	1	0	1	1	1	1	0	1	1	0	1	1
1135327301	1	1	1	1	1	1	1	1	1	0	1	1	1	0	1	1	1	1	0	1	1	0	1	1
1136309301	1	1	1	1	1	1	1	0	1	0	1	0	1	0	1	1	1	1	0	1	1	0	1	1
1137118901	1	1	1	1	1	1	1	1	1	1	1	0	0	1	0	1	1	1	1	1	1	1	1	1
1138100101	1	1	1	1	0	1	1	0	1	0	0	0	1	0	1	1	1	1	0	1	1	0	1	1
1139102501	1	1	1	1	0	1	1	1	1	1	0	0	1	1	1	1	1	1	1	1	1	0	1	1
1140104501	1	1	1	1	0	1	1	1	1	1	0	1	1	0	1	1	1	1	1	1	1	1	1	1
1141109101	1	1	1	1	1	1	1	1	1	0	1	0	1	1	1	1	1	1	0	1	1	0	1	1
1142112701	1	1	1	1	0	1	1	0	1	0	0	0	1	0	1	1	1	1	0	1	1	0	1	0
114306102	1	1	1	1	1	1	1	1	1	1	1	0	1	1	1	1	1	1	1	1	1	0	1	1
1143306101	1	1	1	1	0	1	1	0	1	0	0	0	1	0	1	1	1	1	0	1	1	0	1	1
1144306901	1	1	1	1	0	1	1	0	1	0	0	0	1	0	1	1	1	1	0	1	1	1	1	1
1145306902	1	1	1	1	0	1	1	0	1	0	0	0	1	0	1	1	1	1	0	1	1	0	1	1
1146418701	1	1	1	1	1	1	1	1	1	1	1	0	1	1	1	1	1	1	0	1	1	0	1	1
1147414901	1	1	1	1	1	1	1	1	1	1	1	1	1	0	1	1	1	1	1	1	1	0	1	1
1148415501	1	1	1	1	1	1	1	1	1	1	1	0	1	1	1	1	1	1	1	1	1	0	1	1
1149417901	1	1	1	1	0	1	1	1	1	1	0	0	1	1	1	1	1	1	1	1	1	1	1	1
1150414501	1	1	1	1	1	1	1	1	1	0	1	1	1	0	1	1	1	1	0	1	1	0	1	1
1151210901	1	1	1	1	1	1	1	1	1	0	1	1	1	0	1	1	1	1	0	1	1	0	1	1
1153202102	1	1	1	1	1	1	1	0	1	0	1	0	1	0	1	1	1	1	0	1	1	0	1	1
1154200401	1	1	1	1	0	1	1	0	1	0	0	0	1	0	1	1	1	1	0	1	1	0	1	1
1155216701	1	1	1	1	1	1	1	0	1	0	1	0	1	0	1	1	1	1	0	1	1	1	1	1
1156206501	1	1	1	1	0	1	1	0	1	0	0	0	1	0	1	1	1	1	0	1	1	1	1	1
115700198	1	1	1	1	1	1	1	1	1	0	1	1	1	0	1	1	1	1	0	1	1	1	1	1
1157101101	1	1	1	1	1	1	1	1	1	1	1	1	0	1	0	1	1	1	1	1	1	1	1	1
1158102101	1	1	1	1	0	1	1	1	1	1	0	0	1	1	1	1	1	1	1	1	1	1	1	1
1159519001	1	1	1	1	1	1	1	1	1	1	1	1	1	0	1	1	1	1	1	1	1	0	1	1
1160534602	1	1	1	1	0	1	1	0	1	0	0	0	1	0	1	1	1	1	0	1	1	1	1	1
1161560701	1	1	1	1	1	0	1	1	1	1	1	1	1	1	1	1	1	1	1	1	1	1	0	1
1162610301	1	1	1	1	1	0	1	1	1	0	1	1	1	0	1	1	1	1	1	1	1	1	1	1
1163613101	1	1	1	1	1	1	1	0	1	0	1	0	1	0	1	1	1	1	0	1	1	0	1	1
1164621101	1	1	1	1	1	1	1	0	1	0	1	0	1	0	1	1	1	1	0	1	1	0	1	1
1165600901	1	1	1	1	0	1	1	0	1	0	0	0	1	0	1	1	1	1	0	1	1	1	0	1
1166506501	1	1	1	1	1	0	1	1	1	1	1	1	1	1	1	1	1	1	1	1	1	1	1	1
116724051	1	1	1	1	1	1	1	1	1	0	1	1	1	0	1	1	1	1	0	1	1	1	1	1
1167510101	1	1	1	1	1	0	1	1	1	0	1	1	1	0	1	1	1	1	0	1	1	0	1	1
1168514701	1	1	1	1	0	1	1	0	1	0	0	0	1	0	1	1	1	1	0	1	1	1	1	1
1169524101	1	1	1	1	0	1	1	0	1	0	0	0	1	0	1	1	1	1	0	1	1	0	1	1
1170503901	1	1	1	1	0	1	1	1	1	0	0	0	1	1	1	1	1	1	1	1	1	0	1	0
1171507301	1	1	1	1	0	1	1	0	1	0	0	0	1	0	1	1	1	1	0	1	1	1	1	1
1172507501	1	1	1	1	1	1	1	1	1	0	1	1	1	0	1	1	1	1	1	1	1	0	1	1
1174511301	1	1	1	1	1	1	1	1	1	0	1	1	1	0	1	1	1	1	0	1	1	1	1	1
1175511701	1	1	1	1	0	1	1	0	1	0	0	0	1	0	1	1	1	1	0	1	1	1	1	1
1176601101	1	1	1	1	1	0	1	1	1	0	1	1	1	0	1	1	1	1	0	1	1	1	1	1
117731031	1	1	1	1	1	1	1	1	1	1	1	1	1	1	1	1	1	1	1	1	1	1	1	1
1177609101	1	1	1	1	0	1	1	1	1	1	0	1	0	1	0	1	1	1	1	1	1	0	1	1
1178609102	1	1	1	1	0	1	1	1	1	1	0	1	1	1	1	1	1	1	1	1	1	0	1	1
1179619501	1	1	1	1	0	1	1	0	1	0	0	0	1	0	1	1	1	1	0	1	1	1	1	1
1180101501	1	1	1	1	0	1	1	0	1	0	0	0	1	0	1	1	1	1	0	1	1	0	1	1
11808031	1	1	1	1	0	1	1	0	1	0	0	0	1	0	1	1	1	1	0	1	1	1	1	1
1181107101	1	1	1	1	1	1	1	0	1	0	1	0	1	0	1	1	1	1	0	1	1	0	1	1
1183605501	1	1	1	1	1	1	1	1	1	0	1	1	1	0	1	1	1	1	0	1	1	1	1	1
118410051	1	1	1	1	1	0	1	1	1	0	1	1	1	0	1	1	1	1	0	1	1	0	1	1
1184611101	1	1	1	1	1	0	1	1	1	0	1	1	1	1	1	1	1	1	0	1	1	1	1	1
1185611601	1	1	1	1	0	1	1	1	1	1	0	0	1	1	1	1	1	1	1	1	1	1	1	0
1186600201	1	1	1	1	0	1	1	0	1	0	0	0	1	0	1	1	1	1	0	1	1	0	1	1
1187601202	1	1	1	1	1	1	1	1	1	1	1	1	1	0	1	1	1	1	1	1	1	0	0	1
1188124701	1	1	1	1	1	1	1	1	1	0	1	1	1	0	1	1	1	1	0	1	1	1	1	1
1189134901	1	1	1	1	0	1	1	0	1	0	0	0	1	0	1	1	1	1	0	1	1	0	1	1
1190114802	1	1	1	1	1	1	1	0	1	0	1	0	1	0	1	1	1	1	0	1	1	0	1	0
1191526001	1	1	1	1	1	1	1	1	1	1	1	1	1	1	1	1	1	1	1	1	1	0	1	1
119410052	1	1	1	1	1	1	1	0	1	0	1	0	1	0	1	1	1	1	0	1	1	0	1	0
1194402801	1	1	1	1	1	1	1	1	1	1	1	1	1	1	1	1	1	1	1	1	1	0	1	1
1195412401	1	1	1	1	1	1	1	1	1	0	1	1	1	0	1	1	1	1	0	1	1	0	1	1
1196421401	1	1	1	1	0	1	1	0	1	0	0	0	1	0	1	1	1	1	0	1	1	1	1	1
1197502501	1	1	1	1	1	1	1	1	1	0	1	1	1	0	1	1	1	1	0	1	1	1	1	1
1198546501	1	1	1	0	1	0	1	1	0	1	1	1	1	0	1	1	1	1	0	1	1	0	1	1
1199548101	1	1	1	1	0	1	1	1	1	1	0	1	0	1	0	1	1	1	1	1	1	0	1	1
1200535701	1	1	1	1	1	1	1	1	1	1	1	0	0	1	0	1	1	1	1	1	1	1	1	1
1201535702	1	1	1	1	0	1	1	1	1	1	0	0	1	1	1	1	1	1	1	1	1	1	1	1
1202536101	1	1	1	1	1	1	1	0	1	0	1	0	1	0	1	1	1	1	0	1	1	0	1	1
120416021	1	1	1	1	0	1	1	0	1	0	0	0	1	0	1	1	1	1	0	1	1	0	1	1
1204538102	1	1	1	1	0	1	1	0	1	0	0	0	1	0	1	1	1	1	0	1	1	1	0	0
1205554501	1	1	1	1	1	1	1	1	1	1	1	1	1	0	1	1	1	1	1	1	1	0	1	1
1206552501	1	1	1	1	0	1	1	1	1	1	0	0	1	1	1	1	1	1	1	1	1	0	1	1
1207301001	1	1	1	1	1	1	1	1	1	1	1	1	1	1	1	1	1	1	1	1	1	1	1	1
1208202601	1	1	1	1	0	1	1	0	1	0	0	0	1	0	1	1	1	1	0	1	1	1	1	1
1209209301	1	1	1	1	1	1	1	1	1	1	1	1	1	0	1	1	1	1	1	1	1	0	1	1
1210206401	1	1	1	1	1	1	1	0	1	0	1	0	1	0	1	1	1	1	0	1	1	0	1	1
1211205401	1	1	1	1	0	1	1	1	1	1	0	0	1	1	1	1	1	1	1	1	1	0	1	1
1212203001	1	1	1	1	1	1	1	1	1	1	1	0	1	1	1	1	1	1	0	1	1	1	1	1
1213208101	1	1	1	1	0	1	1	0	1	0	0	0	1	0	1	1	1	1	0	1	1	0	1	1
121418032	1	1	1	1	0	1	1	0	1	0	0	0	1	0	1	1	1	1	0	1	1	0	1	1
1214602101	1	1	1	1	0	1	1	0	1	0	0	0	1	0	1	1	1	1	0	1	1	1	1	1
1215630501	1	1	1	1	0	1	1	0	1	0	0	0	1	0	1	1	1	1	0	1	1	0	1	1
1216606101	1	1	1	1	1	1	1	0	1	0	1	0	1	0	1	1	1	1	0	1	1	0	1	1
1217612301	1	1	1	1	0	1	1	0	1	0	0	0	1	0	1	1	1	1	0	1	1	0	1	1
1218625501	1	1	1	1	1	1	1	1	1	0	1	1	1	0	1	1	1	1	0	1	1	1	1	1
1219602701	1	1	1	1	0	1	1	1	1	1	0	0	1	1	1	1	1	1	1	1	1	0	1	1
1220801701	1	1	1	1	1	1	1	1	1	0	1	1	1	0	1	1	1	1	1	1	1	0	1	1
1222818901	1	1	1	1	0	1	1	1	1	1	0	0	1	1	1	1	1	1	1	1	1	0	1	1
122309061	1	1	1	1	0	1	1	1	1	1	0	0	1	1	1	1	1	1	1	1	1	0	1	1
1223818501	1	1	1	1	0	1	1	0	1	0	0	0	1	0	1	1	1	1	0	1	1	0	1	1
1224835901	1	1	1	1	0	1	1	0	1	0	0	0	1	0	1	1	1	1	0	1	1	0	1	0
1226835501	1	1	1	1	1	1	1	1	1	0	1	1	1	0	1	1	1	1	0	1	1	0	1	1
1227828901	1	1	1	1	1	1	1	1	1	1	1	1	1	0	1	1	1	1	0	1	1	0	1	1
1228816501	1	1	1	1	0	1	1	0	1	0	0	0	1	0	1	1	1	1	0	1	1	1	1	1
1229509801	1	1	1	1	0	1	1	0	1	0	0	0	1	0	1	1	1	1	0	1	1	0	1	1
1230536501	1	1	1	1	0	1	1	0	1	0	0	0	1	0	1	1	1	1	0	1	1	1	1	1
1231532101	1	1	1	1	0	1	1	1	1	1	0	0	1	1	1	1	1	1	1	1	1	0	1	1
1232510901	1	1	1	1	1	1	1	0	1	0	1	0	1	0	1	1	1	1	0	1	1	1	1	1
123313091	1	1	1	1	0	1	1	0	1	0	0	0	1	0	1	1	1	1	0	1	1	1	1	1
1233501301	1	1	1	1	0	1	1	1	1	1	0	0	1	1	1	1	1	1	1	1	1	0	1	1
1235616502	1	1	1	1	0	1	1	0	1	0	0	0	1	0	1	1	1	1	0	1	1	0	1	1
1236209301	1	1	1	1	0	1	1	0	1	0	0	0	1	0	1	1	1	1	0	1	1	0	1	1
1237235701	1	1	1	1	0	1	1	0	1	0	0	0	1	0	1	1	1	1	0	1	1	0	1	0
1238224501	1	1	1	1	1	1	1	1	1	0	1	0	1	1	1	1	1	1	0	1	1	0	1	1
1239325901	1	1	1	1	1	1	1	1	1	1	1	0	1	1	1	1	1	1	0	1	1	0	1	1
1241322501	1	1	1	0	1	0	1	0	0	0	1	0	1	0	1	1	1	1	0	1	1	1	1	1
1242300101	1	1	1	1	0	1	1	0	1	0	0	0	1	0	1	1	1	1	0	1	1	0	1	1
124313101	1	1	1	1	0	1	1	0	1	0	0	0	1	0	1	1	1	1	0	1	1	0	1	1
1243300102	1	1	1	1	1	1	1	1	1	0	1	1	1	0	1	1	1	1	0	1	1	1	1	1
1244303302	1	1	1	1	1	1	1	0	1	0	1	0	1	0	1	1	1	1	0	1	1	1	0	1
1245314301	1	1	1	1	0	1	1	1	1	1	0	1	1	0	1	1	1	1	1	1	1	1	1	1
1246402801	1	1	1	1	1	0	1	1	1	1	1	1	1	1	1	1	1	1	1	1	1	1	1	1
1247403701	1	1	1	1	1	1	1	0	1	0	1	0	1	0	1	1	1	1	0	1	1	1	1	1
1248403701	1	1	1	1	0	1	1	1	1	1	0	0	1	1	1	1	1	1	1	1	1	1	1	1
1249232701	1	1	1	1	0	1	1	1	1	1	0	0	1	1	1	1	1	1	1	1	1	1	1	1
1250226501	1	1	1	1	0	1	1	0	1	0	0	0	1	0	1	1	1	1	0	1	1	0	1	1
1251233701	1	1	1	1	0	1	1	0	1	0	0	0	1	0	1	1	1	1	0	1	1	0	1	1
1252327301	1	1	1	1	0	1	1	0	1	0	0	0	1	0	1	1	1	1	0	1	1	1	1	1
125318061	1	1	1	1	0	1	1	1	1	1	0	0	1	1	1	1	1	1	1	1	1	0	1	1
1253306101	1	1	1	1	1	1	1	1	1	0	1	1	1	0	1	1	1	1	0	1	1	1	1	1
1254306102	1	1	1	1	0	1	1	0	1	0	0	0	1	0	1	1	1	1	0	1	1	0	1	1
1255325901	1	1	1	1	0	1	1	0	1	0	0	0	1	0	1	1	1	1	0	1	1	0	1	0
1257013101	1	1	1	1	1	1	1	1	1	1	1	1	1	0	1	1	1	1	1	1	1	1	1	1
1258529501	1	1	1	1	1	1	1	0	1	0	1	0	1	0	1	1	1	1	0	1	1	0	1	1
1261523701	1	1	1	1	0	1	1	0	1	0	0	0	1	0	1	1	1	1	0	1	1	0	1	0
1262524101	1	1	1	1	0	1	1	1	1	1	0	0	1	1	1	1	1	1	1	1	1	0	1	1
126322071	1	1	1	1	0	1	1	0	1	0	0	0	1	0	1	1	1	1	0	1	1	0	1	1
1263534501	1	1	1	1	0	1	1	1	1	1	0	1	1	0	1	1	1	1	1	1	1	1	1	1
1264618401	1	1	1	1	1	1	1	0	1	0	0	0	1	0	1	1	1	1	0	1	1	0	1	1
1265619701	1	1	1	1	1	1	1	1	1	0	1	1	1	0	1	1	1	1	0	1	1	1	1	1
1266700901	1	1	1	1	0	1	1	0	1	0	0	0	1	0	1	1	1	1	0	1	1	0	1	1
1267601501	1	1	1	1	0	1	1	0	1	0	0	0	1	0	1	1	1	1	0	1	1	0	1	1
1269611501	1	1	1	1	0	1	1	0	1	0	0	0	1	0	1	1	1	1	0	1	1	1	1	1
1270318701	1	1	1	1	1	1	1	1	1	0	1	0	1	1	1	1	1	1	0	1	1	0	1	1
1271304902	1	1	1	1	0	1	1	0	1	0	0	0	1	0	1	1	1	1	0	1	1	0	1	1
1272231301	1	1	1	1	0	1	1	0	1	0	0	0	1	0	1	1	1	1	0	1	1	1	1	1
1273214701	1	1	1	1	1	1	1	1	1	1	0	0	1	1	1	1	1	1	1	1	1	0	1	0
1274204501	1	1	1	1	0	1	1	1	1	1	0	0	1	1	1	1	1	1	1	1	1	1	1	1
1275529101	1	1	1	1	1	1	1	0	1	0	1	0	1	0	1	1	1	1	0	1	1	1	1	1
1277601601	1	1	1	1	0	1	1	1	1	1	0	1	0	0	0	1	1	1	1	1	1	1	0	1
1278601602	1	1	1	1	0	1	1	0	1	0	0	0	1	0	1	1	1	1	0	1	1	1	1	1
127923021	1	1	1	0	1	0	1	0	0	0	1	0	1	0	1	1	1	1	0	1	1	1	1	1
1279606101	1	1	1	1	0	1	1	0	1	0	0	0	1	0	1	1	1	1	0	1	1	1	1	1
1280605801	1	1	1	1	0	1	1	0	1	0	0	0	1	0	1	1	1	1	0	1	1	1	1	1
12813033	1	1	1	1	1	1	1	1	1	1	1	0	1	1	1	1	1	1	1	1	1	0	1	0
1281608201	1	1	1	1	1	0	1	1	1	0	1	0	1	1	1	1	1	1	0	1	1	0	1	1
1282622601	1	1	1	1	0	1	1	0	1	0	0	0	1	0	1	1	1	1	0	1	1	1	1	1
1283622602	1	1	1	1	0	1	1	0	1	0	0	0	1	0	1	1	1	1	0	1	1	0	1	1
1284314601	1	1	1	1	1	1	1	1	1	1	1	1	1	0	1	1	1	1	1	1	1	0	1	0
1285201401	1	1	1	1	1	1	1	1	1	0	1	1	1	0	1	1	1	1	0	1	1	1	1	1
1286518101	1	1	1	1	1	0	1	1	1	1	1	0	0	1	1	1	1	1	0	1	1	0	1	1
1287202101	1	1	1	1	0	1	1	0	1	0	0	0	1	0	1	1	1	1	0	1	1	1	1	0
1288305901	1	1	1	1	0	1	1	0	1	0	0	0	1	0	1	1	1	1	0	1	1	0	1	1
128909102	1	1	1	1	1	1	1	0	1	0	1	0	1	0	1	1	1	1	0	1	1	0	1	1
1292014101	1	1	1	1	0	1	1	1	1	1	0	0	1	1	1	1	1	1	1	1	1	0	1	1
1294003701	1	1	1	1	0	1	1	0	1	0	0	0	1	0	1	1	1	1	0	1	1	0	1	1
1295009501	1	1	1	1	1	1	1	0	1	0	1	0	1	0	1	1	1	1	0	1	1	1	1	1
1296010301	1	1	1	1	1	1	1	0	1	0	1	0	1	0	1	1	1	1	0	1	1	1	1	1
1297013901	1	1	1	1	1	0	1	1	1	1	1	1	0	1	0	1	1	1	1	1	1	0	1	0
1298019101	1	1	1	1	1	0	1	1	1	1	1	1	1	0	1	1	1	1	1	1	1	1	1	1
1299323301	1	1	1	0	1	0	1	1	0	1	1	1	1	0	1	1	1	1	1	1	1	0	1	1
1300308501	1	1	1	1	0	1	1	0	1	0	0	0	1	0	1	1	1	1	0	1	1	1	1	1
1301619901	1	1	1	1	1	1	1	1	1	1	1	1	1	1	1	1	1	1	1	1	1	1	1	0
1302824301	1	1	1	1	1	1	1	1	1	0	1	1	1	0	1	1	1	1	0	1	1	0	1	1
1303610901	1	1	1	1	1	1	1	1	1	1	1	1	1	1	1	1	1	1	1	1	1	0	1	1
1304510501	1	1	1	1	1	1	1	1	1	1	1	0	1	1	1	1	1	1	1	1	1	0	1	1
1305612401	1	1	1	1	1	1	1	1	1	0	1	0	1	1	1	1	1	1	0	1	1	1	1	1
1306837101	1	1	1	1	1	0	1	1	1	1	1	1	1	1	1	1	1	1	1	1	1	0	1	1
1307701101	1	1	1	1	1	1	1	1	1	0	1	1	1	0	1	1	1	1	0	1	1	0	0	0
130900253	1	1	1	1	0	1	1	1	1	1	0	0	1	1	1	1	1	1	1	1	1	0	1	1
1309534301	1	1	1	1	1	1	1	1	1	0	1	1	1	0	1	1	1	1	0	1	1	0	1	1
1310570901	1	1	1	1	0	1	1	0	1	0	0	0	1	0	1	1	1	1	0	1	1	0	0	1
1311000301	1	1	1	1	0	1	1	0	1	0	0	0	1	0	1	1	1	1	0	1	1	0	1	1
1312401501	1	1	1	1	0	1	1	1	1	1	0	0	1	1	1	1	1	1	1	1	1	0	1	1
1313411701	1	1	1	1	0	1	1	1	1	1	0	0	1	1	1	1	1	1	1	1	1	0	1	1
1314207601	1	1	1	1	1	1	1	0	1	0	1	0	1	0	1	1	1	1	0	1	1	0	0	1
1315510301	1	1	1	1	1	1	1	1	1	1	1	1	1	0	1	1	1	1	1	1	1	1	1	1
1316014101	1	1	1	1	0	1	1	0	1	0	0	0	1	0	1	1	1	1	0	1	1	1	0	1
1317223701	1	1	1	1	0	1	1	1	1	1	0	0	1	1	1	1	1	1	1	1	1	0	1	1
131909101	1	1	1	1	0	1	1	0	1	0	0	0	1	0	1	1	1	1	0	1	1	0	1	0
1319604602	1	1	1	1	0	1	1	1	1	1	1	0	1	1	1	1	1	1	1	1	1	1	1	1
1321617901	1	1	1	1	1	0	1	1	1	0	1	1	1	0	1	1	1	1	0	1	1	1	1	0
1322616701	1	1	1	1	0	1	1	0	1	0	0	0	1	0	1	1	1	1	0	1	1	0	1	1
1323600501	1	1	1	1	1	1	1	1	1	1	1	1	1	1	1	1	1	1	1	1	1	0	1	1
1324616101	1	1	1	1	0	1	1	0	1	0	0	0	1	0	1	1	1	1	0	1	1	0	1	1
1326613901	1	1	1	1	1	1	1	1	1	0	1	1	1	0	1	1	1	1	0	1	1	0	1	1
1328603701	1	1	1	1	0	1	1	1	1	1	0	1	1	0	1	1	1	1	1	1	1	0	1	1
132936052	1	1	1	1	1	1	1	1	1	1	1	1	1	0	1	1	1	1	1	1	1	0	1	1
1329603702	1	1	1	1	0	1	1	1	1	1	0	1	1	0	1	1	1	1	1	1	1	0	1	1
1330617501	1	1	1	1	0	1	1	1	1	1	0	0	1	1	1	1	1	1	1	1	1	0	1	1
1332703401	1	1	1	1	0	1	1	0	1	0	0	0	1	0	1	1	1	1	0	1	1	0	1	1
1333214001	1	1	1	1	0	1	1	0	1	0	0	0	1	0	1	1	1	1	0	1	1	0	1	1
1334717501	1	1	1	1	0	1	1	0	1	0	0	0	1	0	1	1	1	1	0	1	1	0	1	1
1335501701	1	1	1	1	0	1	1	0	1	0	0	0	1	0	1	1	1	1	0	1	1	1	1	1
1336507301	1	1	1	1	0	1	1	1	1	1	0	0	1	1	1	1	1	1	1	1	1	0	0	1
1337513301	1	1	1	1	0	1	1	1	1	1	1	0	1	1	1	1	1	1	0	1	1	0	1	0
1338519701	1	1	1	1	1	1	1	1	1	0	1	1	1	0	1	1	1	1	0	1	1	0	1	1
133918061	1	1	1	1	0	1	1	1	1	1	0	0	1	1	1	1	1	1	1	1	1	0	1	1
1339531301	1	1	1	1	0	1	1	1	1	1	0	0	1	1	1	1	1	1	1	1	1	0	1	1
1340826701	1	1	1	1	0	1	1	0	1	0	0	0	1	0	1	1	1	1	0	1	1	0	1	1
1341317021	1	1	1	1	1	1	1	1	1	1	1	0	1	1	1	1	1	1	1	1	1	0	1	1
1342817101	1	1	1	1	0	1	1	1	1	1	0	0	1	1	1	1	1	1	1	1	1	0	1	1
1343317022	1	1	1	1	0	1	1	1	1	0	0	1	1	0	1	1	1	1	0	1	1	0	1	1
1344203301	1	1	1	0	1	0	1	1	0	1	1	0	1	1	1	1	1	1	0	1	1	0	1	1
134901092	1	1	1	1	0	1	1	0	1	0	0	0	1	0	1	1	1	1	0	1	1	1	1	1
135901091	1	1	1	1	0	1	1	0	1	0	0	0	1	0	1	1	1	1	0	1	1	0	1	1
136923081	1	1	1	1	0	1	1	0	1	0	0	0	1	0	1	1	1	1	0	1	1	0	1	1
137701061	1	1	1	1	0	1	1	1	1	1	0	0	1	1	1	1	1	1	1	1	1	1	1	0
138106041	1	1	1	1	0	1	1	0	1	0	0	0	1	0	1	1	1	1	0	1	1	1	1	1
13813041	1	1	1	1	1	1	1	0	1	0	1	0	1	0	1	1	1	1	0	1	1	1	1	1
139111041	1	1	1	1	0	1	1	1	1	1	0	0	1	1	1	1	1	1	1	1	1	0	1	1
140706102	1	1	1	1	0	1	1	0	1	0	0	0	1	0	1	1	1	1	0	1	1	0	1	0
141707011	1	1	1	1	0	1	1	0	1	0	0	0	1	0	1	1	1	1	0	1	1	0	1	1
142707081	1	1	1	1	1	1	1	0	1	0	1	0	1	0	1	1	1	1	0	1	1	0	1	1
143709042	1	1	1	1	0	1	1	0	1	0	0	0	1	0	1	1	1	1	0	1	1	0	1	1
145709101	1	1	1	0	1	0	1	0	0	0	1	0	1	0	1	1	1	1	0	1	1	0	1	1
146509051	1	1	1	1	1	1	1	1	1	1	1	0	1	1	1	1	1	1	1	1	1	1	1	1
147213061	1	1	1	1	1	1	1	1	1	1	1	0	1	1	1	1	1	1	1	1	1	1	1	1
148213091	1	1	1	1	1	0	1	1	1	0	1	1	1	0	1	1	1	1	0	1	1	1	1	1
14833012	1	1	1	1	0	1	1	0	1	0	0	0	1	0	1	1	1	1	0	1	1	1	1	0
149213051	1	1	1	1	0	1	1	1	1	1	0	0	1	1	1	1	1	1	1	1	1	0	1	0
150228101	1	1	1	1	1	1	1	1	1	1	1	0	1	1	1	1	1	1	0	1	1	1	1	1
151228102	1	1	1	1	0	1	1	0	1	0	0	0	1	0	1	1	1	1	0	1	1	0	1	1
152206101	1	1	1	1	1	1	1	0	1	0	1	0	1	0	1	1	1	1	0	1	1	0	1	0
153206102	1	1	1	1	1	1	1	1	1	1	1	0	1	1	1	1	1	1	1	1	1	0	1	0
154224081	1	1	1	1	1	1	1	1	1	1	1	1	1	1	1	1	1	1	1	1	1	1	1	1
155224111	1	1	1	1	0	1	1	0	1	0	0	0	1	0	1	1	1	1	0	1	1	1	1	1
156202031	1	1	1	1	1	1	1	1	1	1	1	1	1	1	1	1	1	1	1	1	1	0	1	1
157610031	1	1	1	1	1	1	1	0	1	0	1	0	1	0	1	1	1	1	0	1	1	0	1	1
15843041	1	1	1	1	1	1	1	0	1	0	1	0	1	0	1	1	1	1	0	1	1	0	1	1
158718101	1	1	1	0	1	0	0	1	0	1	1	1	0	1	0	1	1	0	0	1	1	1	1	1
159210011	1	1	1	1	0	1	1	0	1	0	0	0	1	0	1	1	1	1	0	1	1	0	1	1
160230011	1	1	1	1	1	1	1	1	1	1	1	0	0	1	0	1	1	1	1	1	1	0	1	1
161230101	1	1	1	1	1	1	1	0	1	0	1	0	1	0	1	1	1	1	0	1	1	1	1	1
162910071	1	1	1	1	0	1	1	0	1	0	0	0	1	0	1	1	1	1	0	1	1	0	1	1
163910072	1	1	1	1	1	1	1	1	1	0	1	1	1	0	1	1	1	1	0	1	1	1	1	1
164919041	1	1	1	1	0	1	1	0	1	0	0	0	1	0	1	1	1	1	0	1	1	0	1	1
165919051	1	1	1	1	1	1	1	0	1	0	1	0	1	0	1	1	1	1	0	1	1	0	1	1
166919061	1	1	1	1	1	1	1	0	1	0	1	0	1	0	1	1	1	1	0	1	1	0	1	0
167919062	1	1	1	1	1	1	1	1	1	1	1	0	1	1	1	1	1	1	1	1	1	0	1	0
168921021	1	1	1	1	0	1	1	0	1	0	0	0	1	0	1	1	1	1	0	1	1	0	1	1
16907052	1	1	1	1	0	1	1	0	1	0	0	0	1	0	1	1	1	1	0	1	1	0	1	0
169640071	1	1	1	1	0	1	1	0	1	0	0	0	1	0	1	1	1	1	0	1	1	0	1	0
170918061	1	1	1	1	0	1	1	0	1	0	0	0	1	0	1	1	1	1	0	1	1	1	1	1
172901102	1	1	1	1	0	1	1	0	1	0	0	0	1	0	1	1	1	1	0	1	1	1	0	0
174003031	1	1	1	1	1	1	1	1	1	1	1	0	1	1	1	1	1	1	0	1	1	0	1	0
175020072	1	1	1	1	1	1	1	1	1	0	1	1	1	0	1	1	1	1	0	1	1	1	1	1
177023091	1	1	1	1	1	1	1	0	1	0	1	0	1	0	1	1	1	1	0	1	1	0	0	0
178718051	1	1	1	1	1	0	1	1	1	1	1	1	1	0	1	1	1	1	1	1	1	0	1	1
17912032	1	1	1	1	1	0	1	1	1	0	1	0	1	1	1	1	1	1	0	1	1	0	1	1
179800101	1	1	1	1	0	1	1	1	1	1	1	0	1	1	1	1	1	1	1	1	1	0	1	1
180806071	1	1	1	1	0	1	1	0	1	0	0	0	1	0	1	1	1	1	0	1	1	0	1	1
181806072	1	1	1	1	0	1	1	1	1	0	1	0	1	1	1	1	1	1	0	1	1	0	1	1
182806101	1	1	1	1	1	1	1	1	1	1	1	1	1	0	1	1	1	1	1	1	1	1	0	1
183810061	1	1	1	1	1	0	1	1	1	1	1	1	0	0	0	1	1	1	1	1	1	0	1	1
184817091	1	1	1	1	0	1	1	0	1	0	0	0	1	0	1	1	1	1	0	1	1	0	1	1
185706052	1	1	1	1	1	1	1	1	1	1	1	0	1	1	1	1	1	1	0	1	1	0	1	1
186905062	1	1	1	1	0	1	1	1	1	1	0	0	1	1	1	1	1	1	1	1	1	0	1	1
187914081	1	1	1	1	0	1	1	0	1	0	0	0	1	0	1	1	1	1	0	1	1	0	1	1
188711071	1	1	1	0	1	0	1	1	0	1	1	0	1	1	1	1	1	1	1	1	1	0	1	1
18912051	1	1	1	1	0	1	1	0	1	0	0	0	1	0	1	1	1	1	0	1	1	1	1	1
189711051	1	1	1	1	1	0	1	1	1	0	1	1	1	0	1	1	1	1	0	1	1	0	1	1
190731091	1	1	1	1	1	1	1	1	1	0	1	1	1	0	1	1	1	1	0	1	1	1	1	1
191735081	1	1	1	1	1	1	1	1	1	1	1	0	1	1	1	1	1	1	0	1	1	1	1	1
192723061	1	1	1	1	0	1	1	0	1	0	0	0	1	0	1	1	1	1	0	1	1	0	1	1
19309051	1	1	1	1	0	1	1	0	1	0	0	0	1	0	1	1	1	1	0	1	1	0	1	1
193200178	1	1	1	1	0	1	1	1	1	1	0	0	1	1	1	1	1	1	1	1	1	0	1	1
194211031	1	1	1	1	1	0	1	1	1	0	1	1	1	0	1	1	1	1	0	1	1	0	1	1
195211032	1	1	1	1	1	1	1	1	1	0	0	0	1	1	1	1	1	1	0	1	1	0	1	0
196216032	1	1	1	1	1	1	1	1	1	1	1	1	1	0	1	1	1	1	1	1	1	1	1	0
197226051	1	1	1	0	1	1	1	0	1	1	1	0	1	0	1	1	1	1	0	1	1	0	0	0
198305011	1	1	1	1	0	1	1	0	1	0	0	0	1	0	1	1	1	1	0	1	1	0	1	1
201320081	1	1	1	1	1	0	1	1	1	1	1	0	1	1	1	1	1	1	1	1	1	1	1	1
202320082	1	1	1	1	1	0	1	1	1	1	1	1	1	1	1	1	1	1	1	1	1	0	1	1
203323011	1	1	1	1	1	1	1	1	1	1	1	1	1	0	1	1	1	1	1	1	1	1	1	1
204327071	1	1	1	1	1	1	1	1	1	1	1	1	1	0	1	1	1	1	1	1	1	1	1	1
205300083	1	1	1	1	0	1	1	0	1	0	0	0	1	0	1	1	1	1	0	1	1	0	1	0
206701082	1	1	1	1	0	1	1	0	1	0	0	0	1	0	1	1	1	1	0	1	1	0	1	1
207701083	1	1	1	1	0	1	1	0	1	0	0	0	1	0	1	1	1	1	0	1	1	0	1	1
208320012	1	1	1	1	0	1	1	1	1	0	0	0	1	1	1	1	1	1	0	1	1	0	1	0
209320091	1	1	1	1	1	1	1	0	1	0	1	0	1	0	1	1	1	1	0	1	1	1	1	1
210322011	1	1	1	1	1	1	1	0	1	0	1	0	1	0	1	1	1	1	0	1	1	0	1	0
210800010	1	1	1	1	0	1	1	1	1	1	0	0	1	1	1	1	1	1	1	1	1	1	1	1
210800011	1	1	1	1	0	1	1	1	1	1	0	0	1	1	1	1	1	1	1	1	1	0	1	0
210800012	1	1	1	1	1	1	1	0	1	0	1	0	1	0	1	1	1	1	0	1	1	0	1	1
210800013	1	1	1	1	1	1	1	1	1	1	1	1	1	1	1	1	1	1	1	1	1	1	1	1
210800014	1	1	1	1	0	1	1	0	1	0	0	0	1	0	1	1	1	1	0	1	1	0	0	0
210800015	1	1	1	1	1	0	1	1	1	0	1	1	1	0	1	1	1	1	0	1	1	0	1	1
210800016	1	1	1	1	1	1	1	0	1	0	1	0	1	0	1	1	1	1	0	1	1	0	1	1
210800017	1	1	1	1	1	1	1	1	1	1	1	1	1	1	1	1	1	1	1	1	1	0	1	1
210800018	1	1	1	1	0	1	1	1	1	1	0	0	1	1	1	1	1	1	1	1	1	0	1	1
210800019	1	1	1	1	1	1	1	1	1	0	1	1	1	0	1	1	1	1	0	1	1	1	1	1
210800020	1	1	1	1	1	1	1	0	1	0	1	0	1	0	1	1	1	1	0	1	1	1	1	1
210800021	1	1	1	1	0	1	1	0	1	0	0	0	1	0	1	1	1	1	0	1	1	0	1	0
210800022	1	1	1	1	0	1	1	1	1	1	0	0	1	1	1	1	1	1	1	1	1	0	1	1
210800023	1	1	1	1	1	1	1	1	1	0	1	1	1	0	1	1	1	1	0	1	1	1	0	1
210800024	1	1	1	1	1	0	1	1	1	1	1	1	1	1	1	1	1	1	1	1	1	1	1	1
210800025	1	1	1	1	1	1	1	1	1	1	1	0	1	1	1	1	1	1	1	1	1	0	1	1
210800026	1	1	1	1	1	1	1	1	1	1	1	0	1	1	1	1	1	1	1	1	1	0	1	0
210800027	1	1	1	1	0	1	1	0	1	0	0	0	1	0	1	1	1	1	0	1	1	0	1	1
210800028	1	1	1	1	0	1	1	1	1	1	0	0	1	1	1	1	1	1	1	1	1	0	1	1
210800029	1	1	1	1	0	1	1	0	1	0	0	0	1	0	1	1	1	1	0	1	1	0	1	1
210800030	1	1	1	1	0	1	1	1	1	1	0	0	1	1	1	1	1	1	1	1	1	0	1	1
210800031	1	1	1	1	1	1	1	0	1	0	1	0	1	0	1	1	1	1	0	1	1	0	1	1
210800032	1	1	1	1	0	1	1	0	1	0	0	0	1	0	1	1	1	1	0	1	1	0	1	0
210800033	1	1	1	1	1	1	1	0	1	0	1	0	1	0	1	1	1	1	0	1	1	1	1	0
210800034	1	1	1	1	1	1	1	1	1	0	1	1	1	0	1	1	1	1	0	1	1	0	1	0
210800035	1	1	1	1	1	1	1	1	1	1	1	1	1	1	1	1	1	1	1	1	1	0	1	1
210800036	1	1	1	1	1	1	1	1	1	1	1	0	1	1	1	1	1	1	1	1	1	1	1	1
210800037	1	1	1	1	1	1	1	0	1	0	1	0	1	0	1	1	1	1	0	1	1	1	1	0
210800038	1	1	1	1	0	1	1	1	1	1	0	0	1	1	1	1	1	1	1	1	1	1	0	0
210800039	1	1	1	1	0	1	1	1	1	1	0	1	1	0	1	1	1	1	1	1	1	1	1	1
210800040	1	1	1	1	1	1	1	0	1	0	1	0	1	0	1	1	1	1	0	1	1	0	1	1
210800041	1	1	1	1	1	0	1	1	1	1	1	1	1	0	1	1	1	1	1	1	1	1	1	1
210800042	1	1	1	1	1	1	1	1	1	1	1	1	1	0	1	1	1	1	1	1	1	0	1	1
210800043	1	1	1	0	1	0	1	1	0	1	1	1	1	0	1	1	1	1	1	1	1	0	1	1
210800044	1	1	1	1	1	1	1	1	1	1	1	1	0	1	0	1	1	1	1	1	1	0	0	0
210800045	1	1	1	1	0	1	1	0	1	0	0	0	1	0	1	1	1	1	0	1	1	0	1	1
210800046	1	1	1	1	1	1	1	1	1	1	1	0	1	1	1	1	1	1	1	1	1	1	1	1
210800047	1	1	1	1	0	1	1	1	1	1	0	0	1	1	1	1	1	1	1	1	1	0	1	0
210800048	1	1	1	1	1	1	1	1	1	1	1	0	1	1	1	1	1	1	1	1	1	1	1	1
210800049	1	1	1	1	1	1	1	1	1	1	1	1	1	0	1	1	1	1	1	1	1	0	1	1
210800050	1	1	1	1	0	1	1	1	1	1	0	0	1	1	1	1	1	1	1	1	1	0	1	0
210800051	1	1	1	1	0	1	1	0	1	0	0	0	1	0	1	1	1	1	0	1	1	1	1	1
210800052	1	1	1	1	0	1	1	0	1	0	0	0	1	0	1	1	1	1	0	1	1	1	1	1
210800053	1	1	1	1	0	1	1	1	1	1	0	0	1	1	1	1	1	1	1	1	1	1	1	1
210800054	1	1	1	1	0	1	1	0	1	0	0	0	1	0	1	1	1	1	0	1	1	0	1	1
210800055	1	1	1	1	1	1	1	1	1	1	1	1	1	1	1	1	1	1	1	1	1	1	1	1
210800056	1	1	1	1	1	1	1	0	1	0	1	0	1	0	1	1	1	1	0	1	1	1	0	1
210800057	1	1	1	1	0	1	1	0	1	0	0	0	1	0	1	1	1	1	0	1	1	1	1	1
210800058	1	1	1	1	0	1	1	0	1	0	0	0	1	0	1	1	1	1	0	1	1	1	1	1
210800059	1	1	1	1	1	1	1	0	1	0	1	0	1	0	1	1	1	1	0	1	1	0	1	1
210800060	1	1	1	1	0	1	1	0	1	0	0	0	1	0	1	1	1	1	0	1	1	0	1	1
210800061	1	1	1	1	0	1	1	0	1	0	0	0	1	0	1	1	1	1	0	1	1	0	1	1
210800062	1	1	1	1	1	1	1	1	1	0	1	1	1	0	1	1	1	1	0	1	1	0	1	1
210800063	1	1	1	1	1	1	1	0	1	0	1	0	1	0	1	1	1	1	0	1	1	0	1	1
210800064	1	1	1	1	1	1	1	1	1	1	1	0	1	1	1	1	1	1	1	1	1	0	1	0
210800065	1	1	1	1	0	1	1	0	1	0	0	0	1	0	1	1	1	1	0	1	1	0	1	1
210800066	1	1	1	1	1	1	1	1	1	1	1	1	1	0	1	1	1	1	1	1	1	0	1	1
210800067	1	1	1	1	1	1	1	0	1	0	1	0	1	0	1	1	1	1	0	1	1	0	1	1
210800070	1	1	1	1	1	0	1	1	1	0	1	1	1	0	1	1	1	1	0	1	1	0	1	1
210800071	1	1	1	1	1	1	1	1	1	0	1	1	1	0	1	1	1	1	0	1	1	1	1	1
210800072	1	1	1	1	0	1	1	0	1	0	0	0	1	0	1	1	1	1	0	1	1	1	1	1
210800073	1	1	1	1	0	1	1	1	1	1	0	1	1	0	1	1	1	1	1	1	1	1	1	1
210800074	1	1	1	1	1	1	1	1	1	0	1	1	1	0	1	1	1	1	0	1	1	1	1	1
210800075	1	1	1	1	0	1	1	1	1	1	0	0	1	1	1	1	1	1	1	1	1	1	1	1
210800076	1	1	1	1	0	1	1	0	1	0	0	0	1	0	1	1	1	1	0	1	1	0	1	1
210800077	1	1	1	1	0	1	1	0	1	0	0	0	1	0	1	1	1	1	0	1	1	0	1	1
210800078	1	1	1	1	0	1	1	1	1	1	0	0	1	1	1	1	1	1	1	1	1	0	1	1
210800079	1	1	1	1	1	0	1	1	1	1	1	1	0	0	0	1	1	1	1	1	1	1	1	0
210800081	1	1	1	0	1	0	1	1	0	1	1	0	1	1	1	1	1	1	0	1	1	0	1	1
210800082	1	1	1	1	1	1	1	1	1	0	1	1	1	0	1	1	1	1	0	1	1	0	1	1
210800083	1	1	1	1	0	1	1	0	1	0	0	0	1	0	1	1	1	1	0	1	1	0	0	0
210800084	1	1	1	1	1	1	1	1	1	1	1	0	1	1	1	1	1	1	1	1	1	1	1	1
210800085	1	1	1	1	1	1	1	0	1	0	1	0	1	0	1	1	1	1	0	1	1	0	1	1
210800086	1	1	1	1	0	1	1	0	1	0	0	0	1	0	1	1	1	1	0	1	1	0	1	1
210800087	1	1	1	1	1	1	1	1	1	1	1	1	1	1	1	1	1	1	1	1	1	0	1	1
210800088	1	1	1	1	0	1	1	0	1	0	0	0	1	0	1	1	1	1	0	1	1	0	1	1
210800089	1	1	1	1	1	1	1	1	1	1	1	0	1	1	1	1	1	1	1	1	1	0	1	0
210800091	1	1	1	1	1	0	1	1	1	1	1	1	1	0	1	1	1	1	1	1	1	0	1	1
210800092	1	1	1	1	0	1	1	0	1	0	0	0	1	0	1	1	1	1	0	1	1	0	1	1
210800093	1	1	1	1	1	1	1	1	1	1	1	0	1	1	1	1	1	1	0	1	1	1	1	1
210800094	1	1	1	1	0	1	1	0	1	0	0	0	1	0	1	1	1	1	0	1	1	0	0	0
210800095	1	1	1	1	1	1	1	1	1	0	1	1	1	0	1	1	1	1	0	1	1	0	1	1
210800100	1	1	1	1	1	1	1	1	1	1	1	0	1	1	1	1	1	1	1	1	1	0	1	1
210800101	1	1	1	1	1	1	1	1	1	1	1	0	1	1	1	1	1	1	1	1	1	1	1	1
210800103	1	1	1	1	1	0	1	1	1	0	1	1	1	0	1	1	1	1	0	1	1	1	1	1
210800104	1	1	1	1	1	1	1	1	1	0	1	1	1	0	1	1	1	1	0	1	1	1	1	1
210800105	1	1	1	1	0	1	1	0	1	0	0	0	1	0	1	1	1	1	0	1	1	0	1	1
210800106	1	1	1	1	1	1	1	1	1	1	1	1	1	1	1	1	1	1	1	1	1	1	1	1
210800107	1	1	1	1	0	1	1	0	1	0	0	0	1	0	1	1	1	1	0	1	1	0	0	1
210800108	1	1	1	1	0	1	1	1	1	1	0	0	1	1	1	1	1	1	1	1	1	1	1	1
210800109	1	1	1	1	0	1	1	0	1	0	0	0	1	0	1	1	1	1	0	1	1	0	1	1
210800110	1	1	1	1	1	1	1	1	1	1	1	1	1	1	1	1	1	1	1	1	1	0	1	1
210800111	1	1	1	1	1	1	1	1	1	1	1	1	1	0	1	1	1	1	1	1	1	0	0	0
210800112	1	1	1	1	1	1	1	0	1	0	1	0	1	0	1	1	1	1	0	1	1	1	1	0
210800114	1	1	1	1	1	1	1	1	1	1	1	1	1	1	1	1	1	1	1	1	1	0	1	1
210800115	1	1	1	1	1	0	1	1	1	0	1	1	1	0	1	1	1	1	0	1	1	0	1	1
210800116	1	1	1	1	1	1	1	0	1	0	1	0	1	0	1	1	1	1	0	1	1	1	1	1
210800117	1	1	1	1	1	1	1	1	1	1	1	0	0	1	0	1	1	1	1	1	1	1	1	0
210800118	1	1	1	1	1	0	1	1	1	1	1	1	1	1	1	1	1	1	1	1	1	0	0	0
210800119	1	1	1	0	1	0	1	0	0	0	1	0	1	0	1	1	1	1	0	1	1	0	0	0
210800120	1	1	1	1	0	1	1	0	1	0	0	0	1	0	1	1	1	1	0	1	1	0	0	1
210800122	1	1	1	1	0	1	1	1	1	1	1	0	1	1	1	1	1	1	1	1	1	0	0	1
210800123	1	1	1	1	0	1	1	0	1	0	0	0	1	0	1	1	1	1	0	1	1	0	1	1
210800125	1	1	1	1	1	1	1	1	1	1	1	1	1	0	1	1	1	1	1	1	1	1	0	0
210800126	1	1	1	1	1	1	1	1	1	1	1	0	1	1	1	1	1	1	1	1	1	0	1	1
210800127	1	1	1	1	1	1	1	0	1	0	1	0	1	0	1	1	1	1	0	1	1	1	1	1
210800128	1	1	1	1	1	1	1	1	1	1	1	0	1	1	1	1	1	1	1	1	1	0	1	0
210800129	1	1	1	1	1	1	1	1	1	1	1	0	1	1	1	1	1	1	1	1	1	1	1	1
210800130	1	1	1	1	1	1	1	1	1	1	1	1	0	1	0	1	1	1	1	1	1	0	1	0
210800133	1	1	1	1	1	1	1	1	1	0	1	1	1	0	1	1	1	1	0	1	1	1	1	1
210800134	1	1	1	1	1	1	1	1	1	1	1	1	1	0	1	1	1	1	1	1	1	0	1	1
210800135	1	1	1	1	0	1	1	0	1	0	0	0	1	0	1	1	1	1	0	1	1	1	1	1
210800136	1	1	1	1	1	0	1	1	1	1	1	1	1	1	1	1	1	1	1	1	1	0	1	1
210800137	1	1	1	0	1	0	1	1	0	1	1	0	1	1	1	1	1	1	1	1	1	0	0	1
210800138	1	1	1	1	1	1	1	1	1	1	1	1	1	0	1	1	1	1	1	1	1	1	1	1
210800139	1	1	1	1	1	1	1	0	1	0	1	0	1	0	1	1	1	1	0	1	1	0	0	0
210800140	1	1	1	1	0	1	1	0	1	0	0	0	1	0	1	1	1	1	0	1	1	0	1	0
210800141	1	1	1	1	0	1	1	0	1	0	0	0	1	0	1	1	1	1	0	1	1	0	1	1
210800142	1	1	1	1	0	1	1	1	1	1	0	0	1	1	1	1	1	1	1	1	1	0	1	1
210807000	1	1	1	1	1	1	1	0	1	0	1	0	1	0	1	1	1	1	0	1	1	0	1	1
210808000	1	1	1	1	0	1	1	0	1	0	0	0	1	0	1	1	1	1	0	1	1	0	1	1
210809000	1	1	1	1	1	1	1	1	1	0	1	1	1	0	1	1	1	1	0	1	1	1	1	1
211322012	1	1	1	1	0	1	1	1	1	1	1	0	1	1	1	1	1	1	1	1	1	0	1	1
212716041	1	1	1	1	1	1	1	1	1	0	1	1	1	0	1	1	1	1	0	1	1	1	1	1
21309053	1	1	1	1	0	1	1	1	1	1	0	1	1	0	1	1	1	1	1	1	1	1	1	1
213720091	1	1	1	1	0	1	1	0	1	0	0	0	1	0	1	1	1	1	0	1	1	0	1	1
214709101	1	1	1	1	0	1	1	0	1	0	0	0	1	0	1	1	1	1	0	1	1	0	1	1
215712101	1	1	1	1	1	1	1	1	1	0	1	1	1	0	1	1	1	1	0	1	1	0	0	0
216211041	1	1	1	1	0	1	1	1	1	1	0	0	1	1	1	1	1	1	1	1	1	0	1	0
217211042	1	1	1	0	1	0	1	0	0	0	1	0	1	0	1	1	1	1	0	1	1	0	1	1
218208091	1	1	1	1	1	1	1	1	1	1	1	0	1	1	1	1	1	1	1	1	1	0	1	1
219208092	1	1	1	1	1	0	1	1	1	1	1	1	1	1	1	1	1	1	1	1	1	1	1	1
220211091	1	1	1	1	1	1	1	1	1	1	1	1	1	0	1	1	1	1	1	1	1	0	1	1
221409101	1	1	1	1	0	1	1	1	1	1	0	0	1	1	1	1	1	1	1	1	1	0	1	1
222409102	1	1	1	1	0	1	1	0	1	0	0	0	1	0	1	1	1	1	0	1	1	1	1	1
22309072	1	1	1	1	0	1	1	0	1	0	0	0	1	0	1	1	1	1	0	1	1	0	1	0
224309081	1	1	1	1	1	1	1	1	1	0	1	1	1	0	1	1	1	1	0	1	1	0	1	1
225204032	1	1	1	1	1	1	1	1	1	0	1	1	1	0	1	1	1	1	0	1	1	0	1	1
226505041	1	1	1	1	1	1	1	1	1	1	1	1	1	0	1	1	1	1	1	1	1	1	1	1
227708102	1	1	1	1	0	1	1	0	1	0	0	0	1	0	1	1	1	1	0	1	1	1	1	1
228901052	1	1	1	1	1	1	1	0	1	0	1	0	1	0	1	1	1	1	0	1	1	1	1	1
229727101	1	1	1	1	0	1	1	0	1	0	0	0	1	0	1	1	1	1	0	1	1	0	1	0
230727081	1	1	1	1	0	1	1	1	1	1	0	1	1	1	1	1	1	1	1	1	1	0	0	1
231904021	1	1	1	1	1	1	1	1	1	0	1	1	1	0	1	1	1	1	0	1	1	0	1	1
232503031	1	1	1	1	0	1	1	1	1	1	0	0	1	1	1	1	1	1	1	1	1	0	1	1
23312012	1	1	1	1	0	1	1	1	1	1	0	0	1	1	1	1	1	1	1	1	1	0	1	1
233435041	1	1	1	1	0	1	1	0	1	0	0	0	1	0	1	1	1	1	0	1	1	0	1	1
234435042	1	1	1	1	1	1	1	1	1	1	1	0	1	1	1	1	1	1	1	1	1	0	1	1
235414031	1	1	1	1	0	1	1	0	1	0	0	0	1	0	1	1	1	1	0	1	1	1	1	1
236414032	1	1	1	1	1	1	1	0	1	0	1	0	1	0	1	1	1	1	0	1	1	0	1	1
237218082	1	1	1	1	0	1	1	1	1	1	0	1	1	0	1	1	1	1	1	1	1	0	1	1
238218081	1	1	1	1	0	1	1	1	1	1	0	0	0	1	0	1	1	1	1	1	1	1	1	1
239601011	1	1	1	1	1	1	1	1	1	1	1	0	1	1	1	1	1	1	1	1	1	0	1	1
240601021	1	1	1	1	0	1	1	1	1	1	0	0	1	1	1	1	1	1	1	1	1	0	1	1
241601031	1	1	1	1	1	1	1	1	1	0	0	0	1	1	1	1	1	1	0	1	1	0	1	1
242605081	1	1	1	1	0	1	1	0	1	0	0	0	1	0	1	1	1	1	0	1	1	1	1	1
24312081	1	1	1	1	1	1	1	1	1	0	1	1	1	0	1	1	1	1	0	1	1	0	1	1
243607091	1	1	1	1	1	1	1	1	1	1	1	1	1	0	1	1	1	1	1	1	1	0	1	0
244604061	1	1	1	1	0	1	1	0	1	0	0	0	1	0	1	1	1	1	0	1	1	1	1	1
245309062	1	1	1	1	0	1	1	0	1	0	0	0	1	0	1	1	1	1	0	1	1	1	0	1
246323051	1	1	1	1	0	1	1	0	1	0	0	0	1	0	1	1	1	1	0	1	1	1	1	1
247327031	1	1	1	1	0	1	1	0	1	0	0	0	1	0	1	1	1	1	0	1	1	1	1	1
248200128	1	1	1	1	0	1	1	1	1	1	0	0	1	1	1	1	1	1	1	1	1	0	1	1
250214101	1	1	1	1	1	0	1	1	1	0	1	1	1	0	1	1	1	1	1	1	1	0	1	0
251226081	1	1	1	0	1	0	1	0	0	0	1	0	1	0	1	1	1	1	0	1	1	0	1	1
252900011	1	1	1	1	1	0	1	1	1	0	1	1	1	0	1	1	1	1	0	1	1	0	1	1
25312101	1	1	1	1	1	0	1	1	1	1	1	1	1	1	1	1	1	1	1	1	1	1	1	1
253900058	1	1	1	1	1	0	1	1	1	0	1	1	1	0	1	1	1	1	0	1	1	0	1	1
254911101	1	1	1	1	0	1	1	1	1	1	0	0	1	1	1	1	1	1	1	1	1	0	1	0
256801011	1	1	1	1	0	1	1	0	1	0	0	0	1	0	1	1	1	1	0	1	1	1	1	1
257801021	1	1	1	1	1	1	1	0	1	0	1	0	1	0	1	1	1	1	0	1	1	0	1	1
258801022	1	1	1	1	0	1	1	1	1	0	1	1	1	0	1	1	1	1	0	1	1	0	1	0
259801031	1	1	1	1	0	1	1	0	1	0	0	0	1	0	1	1	1	1	0	1	1	0	1	1
260803041	1	1	1	1	0	1	1	0	1	0	0	0	1	0	1	1	1	1	0	1	1	1	1	1
261805051	1	1	1	1	1	1	1	0	1	0	1	0	1	0	1	1	1	1	0	1	1	1	1	1
262805052	1	1	1	1	1	1	1	1	1	1	1	0	0	1	0	1	1	1	1	1	1	0	0	1
26312102	1	1	1	1	1	1	1	1	1	1	1	1	1	0	1	1	1	1	0	1	1	0	1	1
263805061	1	1	1	1	1	1	1	1	1	0	1	1	1	0	1	1	1	1	0	1	1	1	1	1
264812071	1	1	1	1	0	1	1	1	1	1	0	0	1	1	1	1	1	1	1	1	1	0	1	1
265812072	1	1	1	1	0	1	1	1	1	1	0	1	0	1	0	1	1	1	1	1	1	0	1	1
266102011	1	1	1	1	1	1	1	1	1	0	1	1	1	0	1	1	1	1	0	1	1	0	1	1
267102051	1	1	1	1	1	1	1	1	1	1	1	0	1	1	1	1	1	1	1	1	1	0	1	1
268101011	1	1	1	1	0	1	1	0	1	0	0	0	1	0	1	1	1	1	0	1	1	0	1	1
269102031	1	1	1	1	1	0	1	1	1	0	1	1	1	0	1	1	1	1	0	1	1	0	1	0
270103041	1	1	1	1	0	1	1	1	1	1	0	0	1	1	1	1	1	1	1	1	1	1	1	1
271110101	1	1	1	1	1	1	1	0	1	0	1	0	1	0	1	1	1	1	0	1	1	0	0	1
272106071	1	1	1	1	1	1	1	1	1	1	1	1	1	0	1	1	1	1	1	1	1	1	1	1
273106111	1	1	1	1	0	1	1	1	1	1	0	0	0	1	0	1	1	1	1	1	1	0	1	1
27319021	1	1	1	1	0	1	1	1	1	0	0	0	1	1	1	1	1	1	0	1	1	0	0	1
274105051	1	1	1	1	1	1	1	1	1	0	1	1	1	0	1	1	1	1	0	1	1	0	1	1
275108081	1	1	1	1	0	1	1	1	1	1	0	0	1	1	1	1	1	1	1	1	1	0	1	1
276110121	1	1	1	1	0	1	1	0	1	0	0	0	1	0	1	1	1	1	0	1	1	1	1	1
277101021	1	1	1	1	0	1	1	1	1	1	0	1	1	1	1	1	1	1	1	1	1	1	1	1
278900185	1	1	1	1	1	1	1	1	1	0	1	1	1	0	1	1	1	1	0	1	1	1	1	1
279902091	1	1	1	1	1	1	1	1	1	1	1	0	1	1	1	1	1	1	1	1	1	0	1	1
280905041	1	1	1	1	0	1	1	0	1	0	0	0	1	0	1	1	1	1	0	1	1	0	0	0
282916071	1	1	1	1	1	1	1	1	1	1	1	1	1	1	1	1	1	1	1	1	1	0	1	1
28326021	1	1	1	1	0	1	1	1	1	1	0	0	1	1	1	1	1	1	1	1	1	0	1	1
283910031	1	1	1	1	1	1	1	1	1	0	1	1	1	0	1	1	1	1	0	1	1	1	1	0
284626051	1	1	1	1	1	1	1	1	1	0	1	1	1	0	1	1	1	1	0	1	1	1	1	1
285626052	1	1	1	1	0	1	1	0	1	0	0	0	1	0	1	1	1	1	0	1	1	1	1	1
286647051	1	1	1	1	1	1	1	0	1	0	1	0	1	0	1	1	1	1	0	1	1	1	1	1
288920032	1	1	1	1	1	1	1	1	1	0	1	1	1	0	1	1	1	1	0	1	1	0	1	1
289911091	1	1	1	1	1	1	1	1	1	1	1	1	1	1	1	1	1	1	1	1	1	0	1	0
290907011	1	1	1	1	0	1	1	0	1	0	0	0	1	0	1	1	1	1	0	1	1	0	1	1
291903092	1	1	1	1	0	1	1	1	1	1	1	0	1	1	1	1	1	1	1	1	1	0	1	1
292903042	1	1	1	1	0	1	1	1	1	1	0	0	1	1	1	1	1	1	1	1	1	1	1	1
293900060	1	1	1	1	0	1	1	1	1	1	0	0	1	1	1	1	1	1	1	1	1	0	1	1
294309021	1	1	1	1	1	0	1	1	1	1	1	1	1	0	1	1	1	1	1	1	1	0	1	1
295309041	1	1	1	1	1	1	1	1	1	1	1	0	1	1	1	1	1	1	1	1	1	0	1	1
296309042	1	1	1	1	1	1	1	1	1	0	1	1	1	0	1	1	1	1	0	1	1	0	1	1
297100011	1	1	1	1	0	1	1	1	1	1	0	0	1	1	1	1	1	1	1	1	1	0	1	0
298100021	1	1	1	1	0	1	1	0	1	0	0	0	1	0	1	1	1	1	0	1	1	0	1	1
299100051	1	1	1	1	1	0	1	1	1	0	1	1	1	0	1	1	1	1	0	1	1	0	1	1
300100061	1	1	1	1	1	1	1	1	1	0	1	1	1	0	1	1	1	1	0	1	1	0	1	0
302100071	1	1	1	1	1	1	1	1	1	1	1	1	1	1	1	1	1	1	1	1	1	0	1	1
303100081	1	1	1	1	1	0	1	1	1	0	1	1	1	0	1	1	1	1	0	1	1	0	1	1
304100101	1	1	1	1	1	1	1	1	1	1	1	0	0	1	0	1	1	1	1	1	1	1	1	1
305100171	1	1	1	1	0	1	1	1	1	1	0	0	1	1	1	1	1	1	1	1	1	1	1	1
306300031	1	1	1	1	0	1	1	1	1	1	1	1	0	1	0	1	1	1	1	1	1	0	1	1
307300032	1	1	1	1	0	1	1	0	1	0	0	0	1	0	1	1	1	1	0	1	1	1	1	1
308300051	1	1	1	1	0	1	1	0	1	0	0	0	1	0	1	1	1	1	0	1	1	0	1	1
309300061	1	1	1	1	1	1	1	1	1	0	1	1	1	0	1	1	1	1	1	1	1	0	1	1
310300011	1	1	1	1	1	1	1	1	1	1	1	0	1	1	1	1	1	1	1	1	1	1	1	1
311300012	1	1	1	1	0	1	1	0	1	0	0	0	1	0	1	1	1	1	0	1	1	1	1	1
312300171	1	1	1	1	0	1	1	1	1	0	1	1	1	0	1	1	1	1	0	1	1	0	1	1
313300141	1	1	1	1	0	1	1	0	1	0	0	0	1	0	1	1	1	1	0	1	1	0	1	1
314300111	1	1	1	1	1	1	1	1	1	1	1	1	1	0	1	1	1	1	0	1	1	0	1	1
315300121	1	1	1	1	1	1	1	0	1	0	1	0	1	0	1	1	1	1	0	1	1	0	1	1
316300122	1	1	1	1	1	1	1	1	1	1	1	1	0	1	0	1	1	1	1	1	1	0	0	0
317300161	1	1	1	1	1	1	1	1	1	0	1	1	1	0	1	1	1	1	0	1	1	0	1	1
3173319102	1	1	1	1	1	1	1	0	1	0	1	0	1	0	1	1	1	1	0	1	1	1	0	1
31823101	1	1	1	1	0	1	1	0	1	0	0	0	1	0	1	1	1	1	0	1	1	0	1	1
318933021	1	1	1	1	0	1	1	0	1	0	0	0	1	0	1	1	1	1	0	1	1	1	1	1
319416011	1	1	1	1	0	1	1	0	1	0	0	0	1	0	1	1	1	1	0	1	1	0	1	0
320712091	1	1	1	0	1	0	1	0	0	0	1	0	1	0	1	1	1	1	0	1	1	1	1	1
321701011	1	1	1	1	1	1	1	1	1	1	1	1	1	1	1	1	1	1	1	1	1	0	1	0
322703021	1	1	1	1	1	1	1	1	1	0	1	1	1	0	1	1	1	1	1	1	1	0	1	1
323708051	1	1	1	1	1	1	1	0	1	0	1	0	1	0	1	1	1	1	0	1	1	1	0	0
324708111	1	1	1	1	0	1	1	0	1	0	0	0	1	0	1	1	1	1	0	1	1	0	1	1
325710071	1	1	1	1	0	1	1	1	1	1	0	0	1	1	1	1	1	1	1	1	1	0	1	1
326712081	1	1	1	1	0	1	1	0	1	0	0	0	1	0	1	1	1	1	0	1	1	1	1	1
327601041	1	1	1	1	0	1	1	1	1	1	0	0	1	1	1	1	1	1	1	1	1	0	1	1
328202011	1	1	1	1	0	1	1	0	1	0	0	0	1	0	1	1	1	1	0	1	1	1	1	1
32833091	1	1	1	1	1	1	1	0	1	0	0	0	1	0	1	1	1	1	0	1	1	0	1	1
329202012	1	1	1	1	0	1	1	0	1	0	0	0	1	0	1	1	1	1	0	1	1	1	0	1
330201041	1	1	1	1	1	1	1	1	1	0	1	1	1	0	1	1	1	1	0	1	1	0	1	1
331201042	1	1	1	1	1	1	1	1	1	1	1	1	1	1	1	1	1	1	1	1	1	0	1	1
332205021	1	1	1	1	1	1	1	1	1	1	1	1	1	1	1	1	1	1	1	1	1	0	1	0
334615011	1	1	1	1	0	1	1	0	1	0	0	0	1	0	1	1	1	1	0	1	1	1	1	1
335916011	1	1	1	1	0	1	1	0	1	0	0	0	1	0	1	1	1	1	0	1	1	0	1	1
336908021	1	1	1	1	0	1	1	1	1	1	0	0	1	1	1	1	1	1	1	1	1	1	1	1
337005011	1	1	1	1	1	1	1	0	1	0	1	0	1	0	1	1	1	1	0	1	1	0	1	0
338015051	1	1	1	1	0	1	1	0	1	0	0	0	1	0	1	1	1	1	0	1	1	1	1	1
33838042	1	1	1	1	0	1	1	1	1	1	0	0	0	1	0	1	1	1	1	1	1	1	1	1
339028131	1	1	1	1	0	1	1	0	1	0	0	0	1	0	1	1	1	1	0	1	1	0	1	0
340304011	1	1	1	1	0	1	1	0	1	0	0	0	1	0	1	1	1	1	0	1	1	1	1	0
341309071	1	1	1	1	0	1	1	0	1	0	0	0	1	0	1	1	1	1	0	1	1	0	1	1
342309061	1	1	1	1	1	1	1	1	1	0	1	1	1	0	1	1	1	1	0	1	1	1	1	1
343021102	1	1	1	1	0	1	1	1	1	1	0	0	1	1	1	1	1	1	1	1	1	1	1	1
344305051	1	1	1	1	0	1	1	1	1	1	0	0	1	1	1	1	1	1	1	1	1	1	1	1
345801011	1	1	1	1	1	0	1	1	1	0	1	1	1	0	1	1	1	1	0	1	1	1	1	1
348814061	1	1	1	1	1	1	1	1	1	1	1	0	1	1	1	1	1	1	1	1	1	0	1	1
34930051	1	1	1	1	0	1	1	1	1	1	0	0	1	1	1	1	1	1	1	1	1	0	1	1
349819101	1	1	1	1	1	1	1	1	1	0	1	1	1	0	1	1	1	1	0	1	1	0	1	0
350817072	1	1	1	1	1	1	1	0	1	0	1	0	1	0	1	1	1	1	0	1	1	0	0	0
351944071	1	1	1	1	1	0	1	1	1	1	1	1	0	0	1	1	1	1	1	1	1	1	0	1
352105011	1	1	1	1	1	1	1	0	1	0	1	0	1	0	1	1	1	1	0	1	1	0	1	1
353105031	1	1	1	1	1	1	1	1	1	0	1	1	1	0	1	1	1	1	0	1	1	0	1	1
354102051	1	1	1	1	1	1	1	1	1	1	1	1	1	1	1	1	1	1	1	1	1	0	1	1
355101021	1	1	1	1	0	1	1	1	1	1	0	0	1	1	1	1	1	1	1	1	1	0	1	1
357106041	1	1	1	1	0	1	1	0	1	0	0	0	1	0	1	1	1	1	0	1	1	1	1	1
358106042	1	1	1	1	1	1	1	1	1	0	1	1	1	0	1	1	1	1	0	1	1	1	1	1
359106051	1	1	1	1	1	1	1	0	1	0	1	0	1	0	1	1	1	1	0	1	1	0	1	1
360106052	1	1	1	1	1	1	1	1	1	1	1	0	0	1	0	1	1	1	1	1	1	0	1	1
36041011	1	1	1	1	1	1	1	1	1	1	1	1	1	1	1	1	1	1	1	1	1	0	0	1
361100250	1	1	1	1	0	1	1	0	1	0	0	0	1	0	1	1	1	1	0	1	1	1	1	1
362105011	1	1	1	1	1	1	1	1	1	1	1	1	1	0	1	1	1	1	1	1	1	0	1	1
363116101	1	1	1	1	1	1	1	1	1	1	1	1	1	1	1	1	1	1	1	1	1	0	1	1
364131061	1	1	1	1	0	1	1	0	1	0	0	0	1	0	1	1	1	1	0	1	1	0	1	1
365123011	1	1	1	1	1	0	1	1	1	1	1	1	1	1	1	1	1	1	1	1	1	1	1	1
366123012	1	1	1	1	1	1	1	0	1	0	1	0	1	0	1	1	1	1	0	1	1	1	1	1
367814101	1	1	1	1	0	1	1	1	1	1	0	0	1	1	1	1	1	1	1	1	1	0	1	1
368814102	1	1	1	1	0	1	1	0	1	0	0	0	1	0	1	1	1	1	0	1	1	0	1	1
369814111	1	1	1	1	0	1	1	0	1	0	0	0	1	0	1	1	1	1	0	1	1	0	1	1
370100041	1	1	1	1	0	1	1	0	1	0	0	0	1	0	1	1	1	1	1	1	1	0	1	1
37041012	1	1	1	1	1	1	1	1	1	1	1	1	1	0	1	1	1	1	1	1	1	1	1	1
371100011	1	1	1	1	1	1	1	1	1	0	1	1	1	0	1	1	1	1	0	1	1	1	1	1
372100051	1	1	1	1	1	0	1	1	1	1	1	1	1	1	1	1	1	1	1	1	1	1	1	1
373100091	1	1	1	1	0	1	1	0	1	0	0	0	1	0	1	1	1	1	0	1	1	1	1	1
374100071	1	1	1	1	0	1	1	0	1	0	0	0	1	0	1	1	1	1	0	1	1	1	1	1
375100081	1	1	1	1	1	1	1	1	1	0	1	1	1	0	1	1	1	1	0	1	1	1	1	1
376100111	1	1	1	0	1	0	1	1	0	1	1	0	1	1	1	1	1	1	1	1	1	0	0	1
377900041	1	1	1	1	0	1	1	0	1	0	0	0	1	0	1	1	1	1	0	1	1	1	1	1
378900081	1	1	1	1	1	1	1	1	1	0	1	1	1	0	1	1	1	1	0	1	1	1	1	1
379007151	1	1	1	1	0	1	1	0	1	0	0	0	1	0	1	1	1	1	0	1	1	1	1	1
380013012	1	1	1	1	0	1	1	0	1	0	0	0	1	0	1	1	1	1	0	1	1	0	1	1
38046011	1	1	1	1	1	0	1	1	1	1	1	1	1	1	1	1	1	1	0	1	1	0	1	1
381016011	1	1	1	1	1	0	1	1	1	0	1	1	1	0	1	1	1	1	0	1	1	0	1	0
382019052	1	1	1	1	1	1	1	1	1	1	1	0	1	1	1	1	1	1	1	1	1	0	0	1
383007071	1	1	1	1	0	1	1	0	1	0	0	0	1	0	1	1	1	1	0	1	1	1	1	1
384010051	1	1	1	1	1	1	1	1	1	1	1	0	1	1	1	1	1	1	1	1	1	0	0	1
385823082	1	1	1	1	0	1	1	1	1	1	0	0	1	1	1	1	1	1	1	1	1	1	1	1
386832101	1	1	1	1	1	1	1	1	1	0	1	1	1	0	1	1	1	1	0	1	1	1	0	0
387832102	1	1	1	1	0	1	1	0	1	0	0	0	1	0	1	1	1	1	0	1	1	0	1	1
388409011	1	1	1	1	1	1	1	1	1	1	1	0	1	1	1	1	1	1	1	1	1	0	1	1
390400091	1	1	1	1	1	1	1	1	1	1	1	0	1	1	1	1	1	1	1	1	1	0	1	1
39111041	1	1	1	1	0	1	1	1	1	1	0	0	1	1	1	1	1	1	1	1	1	0	1	1
391400051	1	1	1	1	0	1	1	0	1	0	0	0	1	0	1	1	1	1	0	1	1	0	0	1
392400061	1	1	1	1	1	1	1	0	1	0	1	0	1	0	1	1	1	1	0	1	1	0	1	1
393400101	1	1	1	1	0	1	1	1	1	1	0	0	1	1	1	1	1	1	1	1	1	0	1	1
394400011	1	1	1	1	1	1	1	1	1	0	1	1	1	0	1	1	1	1	0	1	1	1	1	1
395200244	1	1	1	1	1	1	1	1	1	0	1	1	1	0	1	1	1	1	0	1	1	1	1	1
396725011	1	1	1	1	0	1	1	0	1	0	0	0	1	0	1	1	1	1	0	1	1	1	1	1
397725012	1	1	1	1	1	1	1	1	1	0	1	1	1	0	1	1	1	1	0	1	1	0	1	1
398725051	1	1	1	1	1	1	1	0	1	0	1	0	1	0	1	1	1	1	0	1	1	0	1	1
399725052	1	1	1	1	0	1	1	0	1	0	0	0	1	0	1	1	1	1	0	1	1	0	1	1
401217031	1	1	1	1	1	1	1	1	1	1	1	1	0	1	0	1	1	1	1	1	1	0	1	0
40126061	1	1	1	1	1	1	1	1	1	0	1	1	1	0	1	1	1	1	0	1	1	0	1	0
402000439	1	1	1	1	0	1	1	1	1	1	0	0	1	1	1	1	1	1	1	1	1	0	0	1
403611041	1	1	1	1	1	1	1	1	1	1	1	1	1	1	1	1	1	1	1	1	1	0	1	1
404808011	1	1	1	1	0	1	1	0	1	0	0	0	1	0	1	1	1	1	0	1	1	1	1	1
405811051	1	1	1	1	0	1	1	0	1	0	0	0	1	0	1	1	1	1	0	1	1	0	1	1
406000435	1	1	1	1	0	1	1	0	1	0	0	0	1	0	1	1	1	1	0	1	1	0	1	1
407000434	1	1	1	1	0	1	1	0	1	0	0	0	1	0	1	1	1	1	0	1	1	0	1	1
408000441	1	1	1	1	0	1	1	0	1	0	0	0	1	0	1	1	1	1	0	1	1	0	1	1
409000527	1	1	1	1	0	1	1	0	1	0	0	0	1	0	1	1	1	1	1	1	1	0	1	1
410817061	1	1	1	1	1	0	1	1	1	0	1	1	1	0	1	1	1	1	0	1	1	1	1	1
41130012	1	1	1	1	1	1	1	1	1	1	1	0	1	1	1	1	1	1	0	1	1	0	1	1
411611051	1	1	1	1	0	1	1	1	1	1	0	0	1	1	1	1	1	1	1	1	1	0	1	1
412617011	1	1	1	1	1	1	1	1	1	0	1	1	1	0	1	1	1	1	0	1	1	0	1	0
413620032	1	1	1	1	1	1	1	1	1	1	1	0	1	1	1	1	1	1	1	1	1	1	0	1
414601022	1	1	1	1	0	1	1	0	1	0	0	0	1	0	1	1	1	1	0	1	1	1	1	1
415601031	1	1	1	1	1	1	1	1	1	0	1	1	1	0	1	1	1	1	0	1	1	1	1	1
416215041	1	1	1	1	0	1	1	0	1	0	0	0	1	0	1	1	1	1	1	1	1	0	1	1
417218092	1	1	1	1	0	1	1	1	1	1	0	1	1	0	1	1	1	1	1	1	1	0	1	0
420213011	1	1	1	1	1	1	1	1	1	1	1	1	1	0	1	1	1	1	1	1	1	0	1	1
421218041	1	1	1	1	0	1	1	1	1	1	0	1	1	0	1	1	1	1	1	1	1	0	1	0
42140012	1	1	1	1	1	1	1	1	1	1	1	1	1	0	1	1	1	1	1	1	1	1	1	1
422211031	1	1	1	1	1	1	1	0	1	0	1	0	1	0	1	1	1	1	0	1	1	0	1	0
423320091	1	1	1	1	1	1	1	1	1	0	1	1	1	0	1	1	1	1	0	1	1	0	1	1
424320092	1	1	1	1	0	1	1	1	1	1	0	0	1	1	1	1	1	1	1	1	1	0	1	1
425100248	1	1	1	1	0	1	1	1	1	1	0	1	1	1	1	1	1	1	1	1	1	0	1	1
426111081	1	1	1	1	1	1	1	1	1	1	1	1	1	1	1	1	1	1	1	1	1	0	1	1
427046021	1	1	1	1	0	1	1	1	1	1	0	0	1	1	1	1	1	1	1	1	1	0	1	1
428046012	1	1	1	1	1	1	1	1	1	1	1	1	1	1	1	1	1	1	1	1	1	1	1	0
429046101	1	1	1	1	0	1	1	0	1	0	0	0	1	0	1	1	1	1	0	1	1	0	1	1
431106051	1	1	1	1	0	1	1	1	1	1	0	0	1	1	1	1	1	1	1	1	1	0	1	1
43140021	1	1	1	1	0	1	1	1	1	1	0	1	1	0	1	1	1	1	1	1	1	0	1	1
432800071	1	1	1	1	1	0	1	1	1	1	1	1	1	1	1	1	1	1	1	1	1	1	1	1
433800072	1	1	1	1	1	1	1	0	1	0	1	0	1	0	1	1	1	1	0	1	1	0	1	1
434800024	1	1	1	1	1	0	1	1	1	1	1	1	1	1	1	1	1	1	1	1	1	1	1	1
435800114	1	1	1	1	0	1	1	0	1	0	0	0	1	0	1	1	1	1	0	1	1	0	1	1
436200080	1	1	1	1	1	1	1	1	1	0	0	0	1	1	1	1	1	1	0	1	1	0	1	0
437202011	1	1	1	1	0	1	1	1	1	1	0	0	1	1	1	1	1	1	1	1	1	0	1	1
438800029	1	1	1	1	1	1	1	0	1	0	1	0	1	0	1	1	1	1	0	1	1	0	1	0
439833011	1	1	1	1	1	1	1	0	1	0	1	0	1	0	1	1	1	1	0	1	1	0	0	1
441206011	1	1	1	1	1	1	1	1	1	1	1	0	0	1	0	1	1	1	1	1	1	0	1	1
44140022	1	1	1	1	0	1	1	0	1	0	0	0	1	0	1	1	1	1	0	1	1	1	1	1
445303031	1	1	1	1	0	1	1	1	1	1	0	0	1	1	1	1	1	1	1	1	1	0	1	0
446303051	1	1	1	1	0	1	1	0	1	0	0	0	1	0	1	1	1	1	0	1	1	1	1	0
447303052	1	1	1	1	0	1	1	0	1	0	0	0	1	0	1	1	1	1	0	1	1	0	1	1
449720041	1	1	1	1	1	1	1	1	1	1	1	0	0	1	0	1	1	1	1	1	1	0	1	0
451303101	1	1	1	1	0	1	1	0	1	0	0	0	1	0	1	1	1	1	0	1	1	0	1	1
45513012	1	1	1	1	0	1	1	1	1	1	0	0	1	1	1	1	1	1	1	1	1	1	1	0
458904031	1	1	1	1	1	1	1	1	1	1	1	1	1	1	1	1	1	1	1	1	1	1	1	1
461911071	1	1	1	1	1	0	1	1	1	1	1	1	1	0	1	1	1	1	1	1	1	0	1	1
462911072	1	1	1	1	0	1	1	0	1	0	0	0	1	0	1	1	1	1	0	1	1	0	1	1
463137092	1	1	1	1	1	1	1	1	1	1	1	0	1	1	1	1	1	1	1	1	1	0	1	1
464151061	1	1	1	1	1	0	1	1	1	1	1	1	1	1	1	1	1	1	1	1	1	0	1	0
46518081	1	1	1	1	0	1	1	1	1	1	0	0	1	1	1	1	1	1	1	1	1	0	1	1
465300832	1	1	1	1	0	1	1	0	1	0	0	0	1	0	1	1	1	1	0	1	1	1	1	1
466000377	1	1	1	1	0	1	1	1	1	1	0	0	1	1	1	1	1	1	1	1	1	0	1	0
467000378	1	1	1	1	0	1	1	0	1	0	0	0	1	0	1	1	1	1	0	1	1	0	1	1
468402011	1	1	1	1	0	1	1	0	1	0	0	0	1	0	1	1	1	1	0	1	1	0	1	1
469217021	1	1	1	1	1	1	1	0	1	0	1	0	1	0	1	1	1	1	0	1	1	0	1	1
470201041	1	1	1	1	0	1	1	0	1	0	0	0	1	0	1	1	1	1	0	1	1	0	1	1
471201042	1	1	1	0	1	0	1	1	0	1	1	1	1	0	1	1	1	1	0	1	1	0	1	1
472700136	1	1	1	1	0	1	1	0	1	0	0	0	1	0	1	1	1	1	0	1	1	0	1	1
473700138	1	1	1	1	0	1	1	0	1	0	0	0	1	0	1	1	1	1	0	1	1	0	1	1
474730041	1	1	1	1	1	0	1	1	1	1	1	1	0	1	0	1	1	1	1	1	1	0	1	1
47518082	1	1	1	1	1	1	1	1	1	0	1	1	1	0	1	1	1	1	0	1	1	0	1	1
475700124	1	1	1	1	1	1	1	1	1	0	1	0	1	1	1	1	1	1	0	1	1	1	1	0
476703051	1	1	1	1	1	1	1	0	1	0	1	0	1	0	1	1	1	1	0	1	1	1	1	1
477714051	1	1	1	1	1	0	1	1	1	0	1	1	1	0	1	1	1	1	0	1	1	0	1	0
478714091	1	1	1	1	0	1	1	0	1	0	0	0	1	0	1	1	1	1	0	1	1	1	1	1
479725051	1	1	1	1	0	1	1	1	1	1	0	0	1	1	1	1	1	1	1	1	1	1	1	1
48130071	1	1	1	1	1	1	1	1	1	0	1	1	1	0	1	1	1	1	1	1	1	0	1	1
481732011	1	1	1	1	0	1	1	0	1	0	0	0	1	0	1	1	1	1	0	1	1	0	1	0
482732051	1	1	1	1	0	1	1	0	1	0	0	0	1	0	1	1	1	1	0	1	1	0	1	1
483732031	1	1	1	1	1	1	1	0	1	0	1	0	1	0	1	1	1	1	0	1	1	0	1	1
486425051	1	1	1	1	1	1	1	1	1	1	1	1	1	0	1	1	1	1	1	1	1	0	1	1
487428061	1	1	1	1	0	1	1	0	1	0	0	0	1	0	1	1	1	1	0	1	1	0	1	1
488428071	1	1	1	1	0	1	1	1	1	1	0	0	1	1	1	1	1	1	1	1	1	0	1	0
489404031	1	1	1	1	1	0	1	1	1	0	0	0	1	1	1	1	1	1	0	1	1	1	1	1
490903011	1	1	1	1	0	1	1	1	1	1	0	0	1	1	1	1	1	1	1	1	1	1	1	1
49103041	1	1	1	1	0	1	1	0	1	0	0	0	1	0	1	1	1	1	0	1	1	0	1	1
491905071	1	1	1	1	1	1	1	1	1	1	1	0	1	1	1	1	1	1	1	1	1	0	1	1
492910021	1	1	1	1	0	1	1	1	1	1	0	0	1	1	1	1	1	1	1	1	1	1	1	1
493911021	1	1	1	1	0	1	1	0	1	0	0	0	1	0	1	1	1	1	0	1	1	0	1	1
494918051	1	1	1	1	1	0	1	1	1	1	1	1	1	0	1	1	1	1	1	1	1	0	1	1
495919111	1	1	1	1	1	1	1	0	1	0	1	0	1	0	1	1	1	1	0	1	1	1	1	1
496917101	1	1	1	1	0	1	1	0	1	0	0	0	1	0	1	1	1	1	0	1	1	0	1	1
497413041	1	1	1	1	0	1	1	0	1	0	0	0	1	0	1	1	1	1	0	1	1	0	1	0
498929061	1	1	1	1	1	1	1	1	1	0	1	0	1	1	1	1	1	1	0	1	1	1	1	1
500933081	1	1	1	1	0	1	1	0	1	0	0	0	1	0	1	1	1	1	0	1	1	0	1	1
50103042	1	1	1	1	0	1	1	0	1	0	0	0	1	0	1	1	1	1	0	1	1	0	1	0
501910081	1	1	1	1	1	0	1	1	1	0	1	1	1	0	1	1	1	1	0	1	1	1	1	1
502903022	1	1	1	1	0	1	1	0	1	0	0	0	1	0	1	1	1	1	0	1	1	0	1	1
503914062	1	1	1	1	0	1	1	0	1	0	0	0	1	0	1	1	1	1	0	1	1	0	1	1
504900367	1	1	1	1	1	0	1	1	1	1	1	1	0	1	0	1	1	1	1	1	1	0	1	1
506417051	1	1	1	1	0	1	1	1	1	1	0	0	1	1	1	1	1	1	1	1	1	0	1	1
507933012	1	1	1	1	0	1	1	0	1	0	0	0	1	0	1	1	1	1	0	1	1	0	1	0
508308101	1	1	1	1	1	1	1	1	1	0	0	0	1	1	1	1	1	1	0	1	1	0	1	0
509607121	1	1	1	1	1	0	1	1	1	1	1	1	0	1	0	1	1	1	1	1	1	1	1	1
510512061	1	1	1	1	0	1	1	1	1	1	1	0	1	1	1	1	1	1	1	1	1	1	1	0
51103051	1	1	1	1	0	1	1	0	1	0	0	0	1	0	1	1	1	1	0	1	1	1	1	1
511515011	1	1	1	1	0	1	1	0	1	0	0	0	1	0	1	1	1	1	0	1	1	0	1	1
512510011	1	1	1	1	1	0	1	1	1	0	1	1	1	0	1	1	1	1	0	1	1	1	1	1
513111021	1	1	1	1	1	1	1	1	1	1	1	0	1	1	1	1	1	1	0	1	1	0	1	1
514708022	1	1	1	1	1	0	1	1	1	1	1	1	1	0	1	1	1	1	1	1	1	1	1	1
515000447	1	1	1	1	0	1	1	1	1	1	0	0	1	1	1	1	1	1	1	1	1	0	1	1
516622071	1	1	1	1	1	1	1	0	1	0	1	0	1	0	1	1	1	1	0	1	1	1	1	1
517622031	1	1	1	1	0	1	1	0	1	0	0	0	1	0	1	1	1	1	0	1	1	1	1	0
518624081	1	1	1	1	0	1	1	0	1	0	0	0	1	0	1	1	1	1	0	1	1	0	1	1
519200295	1	1	1	1	0	1	1	0	1	0	0	0	1	0	1	1	1	1	0	1	1	1	1	1
520701041	1	1	1	1	1	1	1	1	1	0	1	1	1	0	1	1	1	1	0	1	1	0	1	0
52103052	1	1	1	1	1	1	1	1	1	1	1	1	0	1	0	1	1	1	1	1	1	1	1	1
521601061	1	1	1	1	1	1	1	1	1	1	1	1	1	0	1	1	1	1	1	1	1	1	1	1
522715031	1	1	1	1	0	1	1	0	1	0	0	0	1	0	1	1	1	1	0	1	1	1	1	1
523704101	1	1	1	1	1	1	1	0	1	0	1	0	1	0	1	1	1	1	0	1	1	0	1	1
524900021	1	1	1	1	0	1	1	1	1	1	0	0	1	1	1	1	1	1	1	1	1	0	1	1
525900031	1	1	1	1	0	1	1	1	1	1	0	1	1	0	1	1	1	1	1	1	1	1	1	0
526900011	1	1	1	1	1	1	1	1	1	0	1	1	1	0	1	1	1	1	0	1	1	1	1	1
527900101	1	1	1	0	1	0	1	0	0	0	1	0	1	0	1	1	1	1	0	1	1	0	1	1
528900061	1	1	1	1	0	1	1	1	1	1	0	0	0	1	0	1	1	1	1	1	1	0	0	1
529900111	1	1	1	1	1	0	1	1	1	0	1	1	1	0	1	1	1	1	0	1	1	1	1	1
530900091	1	1	1	1	1	1	1	1	1	0	1	1	1	0	1	1	1	1	1	1	1	1	1	1
531900151	1	1	1	1	0	1	1	0	1	0	0	0	1	0	1	1	1	1	0	1	1	0	1	1
532802041	1	1	1	1	0	1	1	0	1	0	0	0	1	0	1	1	1	1	0	1	1	0	1	1
533802051	1	1	1	0	1	0	1	0	0	0	1	0	1	0	1	1	1	1	0	1	1	1	1	1
53409011	1	1	1	1	0	1	1	0	1	0	0	0	1	0	1	1	1	1	0	1	1	1	0	0
534200027	1	1	1	1	1	0	1	1	1	1	1	1	1	1	1	1	1	1	1	1	1	0	1	1
535200028	1	1	1	1	1	1	1	1	1	1	1	1	1	1	1	1	1	1	1	1	1	1	1	1
536212062	1	1	1	1	0	1	1	1	1	1	1	0	1	1	1	1	1	1	1	1	1	0	1	1
538224061	1	1	1	1	1	1	1	0	1	0	1	0	1	0	1	1	1	1	0	1	1	0	1	1
539224062	1	1	1	1	1	1	1	1	1	0	0	0	1	1	1	1	1	1	0	1	1	0	1	0
540230101	1	1	1	1	0	1	1	0	1	0	0	0	1	0	1	1	1	1	0	1	1	1	1	1
541230102	1	1	1	1	0	1	1	0	1	0	0	0	1	0	1	1	1	1	0	1	1	1	1	1
543236031	1	1	1	1	0	1	1	0	1	0	0	0	1	0	1	1	1	1	0	1	1	0	1	1
544000385	1	1	1	1	1	1	1	1	1	1	1	0	1	1	1	1	1	1	1	1	1	1	1	1
54409051	1	1	1	1	0	1	1	1	1	1	0	0	1	1	1	1	1	1	1	1	1	1	1	1
545000422	1	1	1	1	1	1	1	1	1	0	1	1	1	0	1	1	1	1	0	1	1	1	0	1
546000429	1	1	1	1	0	1	1	0	1	0	0	0	1	0	1	1	1	1	0	1	1	0	1	1
547000448	1	1	1	1	0	1	1	0	1	0	0	0	1	0	1	1	1	1	0	1	1	0	1	0
548000496	1	1	1	1	0	1	1	0	1	0	0	0	1	0	1	1	1	1	1	1	1	0	1	1
550800017	1	1	1	1	0	1	1	1	1	1	1	0	1	1	1	1	1	1	1	1	1	0	1	1
551800070	1	1	1	1	0	1	1	1	1	1	0	0	1	1	1	1	1	1	1	1	1	0	1	1
552809062	1	1	1	1	1	1	1	1	1	0	1	1	1	0	1	1	1	1	0	1	1	1	1	1
553815101	1	1	1	1	0	1	1	0	1	0	0	0	1	0	1	1	1	1	0	1	1	0	1	1
554824101	1	1	1	1	1	1	1	0	1	0	1	0	1	0	1	1	1	1	0	1	1	1	1	1
555824102	1	1	1	1	0	1	1	0	1	0	0	0	1	0	1	1	1	1	0	1	1	0	1	1
556827101	1	1	1	1	1	1	1	1	1	1	1	0	1	1	1	1	1	1	1	1	1	1	1	1
557844101	1	1	1	1	0	1	1	0	1	0	0	0	1	0	1	1	1	1	0	1	1	1	1	1
558809011	1	1	1	1	1	1	1	1	1	1	1	1	1	0	1	1	1	1	0	1	1	0	1	0
55911051	1	1	1	1	1	1	1	1	1	1	1	1	1	0	1	1	1	1	1	1	1	0	1	0
559809021	1	1	1	1	0	1	1	0	1	0	0	0	1	0	1	1	1	1	0	1	1	1	1	0
560809022	1	1	1	1	0	1	1	0	1	0	0	0	1	0	1	1	1	1	0	1	1	0	1	1
561815021	1	1	1	1	1	1	1	1	1	1	1	1	1	1	1	1	1	1	1	1	1	0	1	1
562815032	1	1	1	1	1	1	1	1	1	1	1	1	1	1	1	1	1	1	1	1	1	1	1	1
563000569	1	1	1	1	1	1	1	0	1	0	1	0	1	0	1	1	1	1	0	1	1	0	1	0
564832012	1	1	1	1	0	1	1	0	1	0	0	0	1	0	1	1	1	1	0	1	1	1	1	0
565126021	1	1	1	1	0	1	1	0	1	0	0	0	1	0	1	1	1	1	0	1	1	0	1	1
566106091	1	1	1	1	0	1	1	0	1	0	0	0	1	0	1	1	1	1	0	1	1	1	1	1
567100315	1	1	1	1	1	1	1	0	1	0	1	0	1	0	1	1	1	1	0	1	1	0	1	1
568112011	1	1	1	1	1	1	1	1	1	1	1	1	1	1	1	1	1	1	1	1	1	0	1	1
56911052	1	1	1	1	1	1	1	1	1	1	1	0	0	1	0	1	1	1	1	1	1	0	1	1
569122051	1	1	1	1	0	1	1	1	1	1	0	0	1	1	1	1	1	1	1	1	1	0	1	1
570122061	1	1	1	1	1	1	1	1	1	1	1	1	1	0	1	1	1	1	1	1	1	0	1	1
571000358	1	1	1	1	1	1	1	0	1	0	1	0	1	0	1	1	1	1	0	1	1	1	1	1
572122013	1	1	1	1	1	1	1	0	1	0	1	0	1	0	1	1	1	1	0	1	1	0	1	1
573100301	1	1	1	1	0	1	1	1	1	1	0	0	1	1	1	1	1	1	1	1	1	1	1	1
574003082	1	1	1	1	0	1	1	0	1	0	0	0	1	0	1	1	1	1	0	1	1	0	1	0
575300031	1	1	1	1	0	1	1	0	1	0	0	0	1	0	1	1	1	1	0	1	1	0	1	1
576000031	1	1	1	1	0	1	1	0	1	0	0	0	1	0	1	1	1	1	0	1	1	0	1	1
577000032	1	1	1	1	1	1	1	0	1	0	1	0	1	0	1	1	1	1	0	1	1	0	1	0
578323051	1	1	1	1	0	1	1	0	1	0	0	0	1	0	1	1	1	1	0	1	1	1	1	1
579020062	1	1	1	1	0	1	1	1	1	1	0	1	1	0	1	1	1	1	1	1	1	0	1	1
57914021	1	1	1	1	1	1	1	1	1	1	1	1	1	0	1	1	1	1	1	1	1	0	1	0
580000088	1	1	1	1	0	1	1	1	1	1	0	1	1	0	1	1	1	1	1	1	1	0	1	1
581020052	1	1	1	1	0	1	1	0	1	0	0	0	1	0	1	1	1	1	0	1	1	0	1	1
582011101	1	1	1	1	0	1	1	1	1	1	0	0	1	1	1	1	1	1	1	1	1	1	1	1
583016011	1	1	1	1	1	1	1	0	1	0	1	0	1	0	1	1	1	1	0	1	1	0	1	1
584016071	1	1	1	1	0	1	1	0	1	0	0	0	1	0	1	1	1	1	0	1	1	0	1	1
585016092	1	1	1	1	1	1	1	0	1	0	1	0	1	0	1	1	1	1	0	1	1	0	0	1
586000089	1	1	1	1	0	1	1	0	1	0	0	0	1	0	1	1	1	1	0	1	1	0	0	0
587011051	1	1	1	1	0	1	1	0	1	0	0	0	1	0	1	1	1	1	0	1	1	0	0	1
588314051	1	1	1	1	1	1	1	0	1	0	1	0	1	0	1	1	1	1	0	1	1	1	1	1
589000356	1	1	1	1	1	1	1	1	1	0	1	1	1	0	1	1	1	1	0	1	1	0	0	1
58908011	1	1	1	1	1	1	1	1	1	0	1	0	1	1	1	1	1	1	1	1	1	1	1	1
590000426	1	1	1	1	0	1	1	0	1	0	0	0	1	0	1	1	1	1	0	1	1	0	1	1
591920071	1	1	1	1	1	1	1	1	1	1	1	1	1	1	1	1	1	1	1	1	1	1	1	1
592911051	1	1	1	1	0	1	1	0	1	0	0	0	1	0	1	1	1	1	0	1	1	0	1	1
593918082	1	1	1	1	0	1	1	0	1	0	0	0	1	0	1	1	1	1	0	1	1	1	1	0
594913051	1	1	1	1	0	1	1	0	1	0	0	0	1	0	1	1	1	1	0	1	1	0	1	1
595913111	1	1	1	1	1	1	1	1	1	0	1	1	1	0	1	1	1	1	0	1	1	0	1	1
59603011	1	1	1	1	0	1	1	0	1	0	0	0	1	0	1	1	1	1	0	1	1	1	1	1
596906101	1	1	1	1	1	0	1	1	1	1	1	1	1	1	1	1	1	1	1	1	1	0	1	1
597200217	1	1	1	1	0	1	1	1	1	1	0	0	0	1	0	1	1	1	1	1	1	0	1	1
599208021	1	1	1	0	1	0	0	1	0	1	1	0	0	1	0	1	1	0	0	1	1	0	1	1
600211031	1	1	1	1	1	1	1	1	1	1	1	0	1	1	1	1	1	1	0	1	1	1	1	1
601211052	1	1	1	1	0	1	1	0	1	0	0	0	1	0	1	1	1	1	0	1	1	1	1	1
602211091	1	1	1	1	1	1	1	0	1	0	1	0	1	0	1	1	1	1	0	1	1	1	1	1
603211092	1	1	1	1	1	1	1	1	1	1	1	0	1	1	1	1	1	1	1	1	1	0	1	1
604214091	1	1	1	1	0	1	1	1	1	1	0	0	1	1	1	1	1	1	1	1	1	0	1	1
605228011	1	1	1	1	0	1	1	0	1	0	0	0	1	0	1	1	1	1	0	1	1	1	1	1
606224012	1	1	1	1	1	1	1	0	1	0	1	0	1	0	1	1	1	1	0	1	1	0	1	1
607502081	1	1	1	1	0	1	1	0	1	0	0	0	1	0	1	1	1	1	0	1	1	1	1	1
608506011	1	1	1	1	1	1	1	1	1	1	1	1	1	0	1	1	1	1	1	1	1	0	1	1
60933051	1	1	1	1	0	1	1	0	1	0	0	0	1	0	1	1	1	1	0	1	1	0	1	0
609503101	1	1	1	1	1	0	1	1	1	0	1	1	1	0	1	1	1	1	0	1	1	1	1	1
610503102	1	1	1	1	0	1	1	1	1	1	0	0	0	1	0	1	1	1	1	1	1	0	1	1
611508041	1	1	1	1	0	1	1	0	1	0	0	0	1	0	1	1	1	1	0	1	1	0	1	0
612206051	1	1	1	1	0	1	1	0	1	0	0	0	1	0	1	1	1	1	0	1	1	1	1	1
613206052	1	1	1	1	0	1	1	0	1	0	0	0	1	0	1	1	1	1	0	1	1	0	1	1
614202101	1	1	1	1	1	1	1	0	1	0	1	0	1	0	1	1	1	1	0	1	1	0	1	1
615800019	1	1	1	1	0	1	1	0	1	0	0	0	1	0	1	1	1	1	0	1	1	0	0	0
616501091	1	1	1	1	0	1	1	0	1	0	0	0	1	0	1	1	1	1	0	1	1	1	1	0
617502082	1	1	1	1	0	1	1	0	1	0	0	0	1	0	1	1	1	1	0	1	1	1	1	1
618502071	1	1	1	1	0	1	1	0	1	0	0	0	1	0	1	1	1	1	0	1	1	1	1	0
61929041	1	1	1	1	0	1	1	0	1	0	0	0	1	0	1	1	1	1	0	1	1	1	1	1
619507061	1	1	1	1	1	0	1	1	1	0	1	1	1	0	1	1	1	1	0	1	1	0	1	1
620523031	1	1	1	1	0	1	1	0	1	0	0	0	1	0	1	1	1	1	0	1	1	0	1	1
621523032	1	1	1	1	0	1	1	0	1	0	0	0	1	0	1	1	1	1	0	1	1	0	1	1
622523092	1	1	1	1	1	1	1	1	1	0	1	1	1	0	1	1	1	1	0	1	1	1	1	1
623523111	1	1	1	1	1	1	1	1	1	0	1	1	1	0	1	1	1	1	0	1	1	0	1	1
624500287	1	1	1	1	0	1	1	1	1	1	0	0	0	1	0	1	1	1	1	1	1	0	1	1
625528081	1	1	1	0	1	0	1	1	0	1	1	0	1	1	1	1	1	1	0	1	1	0	1	0
626528021	1	1	1	1	1	1	1	1	1	0	1	1	1	0	1	1	1	1	0	1	1	0	1	1
627513061	1	1	1	1	1	1	1	1	1	1	1	1	0	1	0	1	1	1	1	1	1	0	1	1
628000409	1	1	1	1	1	0	1	1	1	0	1	0	1	1	1	1	1	1	0	1	1	1	1	1
629000523	1	1	1	1	1	1	1	1	1	0	1	1	1	0	1	1	1	1	0	1	1	0	1	1
62929011	1	1	1	1	0	1	1	0	1	0	0	0	1	0	1	1	1	1	0	1	1	0	1	1
630000403	1	1	1	1	1	1	1	0	1	0	1	0	1	0	1	1	1	1	0	1	1	1	1	1
631000405	1	1	1	1	0	1	1	1	1	1	0	1	1	0	1	1	1	1	1	1	1	0	1	0
632000410	1	1	1	1	1	1	1	1	1	1	1	1	1	1	1	1	1	1	1	1	1	1	1	1
633312061	1	1	1	1	1	1	1	0	1	0	1	0	1	0	1	1	1	1	0	1	1	0	1	1
634300224	1	1	1	1	0	1	1	1	1	1	0	0	1	1	1	1	1	1	1	1	1	0	1	1
635323081	1	1	1	1	0	1	1	0	1	0	0	0	1	0	1	1	1	1	0	1	1	0	1	1
636902031	1	1	1	1	0	1	1	0	1	0	0	0	1	0	1	1	1	1	0	1	1	0	1	1
637323091	1	1	1	1	1	0	1	1	1	1	1	1	1	1	1	1	1	1	1	1	1	1	1	1
63929012	1	1	1	1	0	1	1	0	1	0	0	0	1	0	1	1	1	1	0	1	1	0	1	1
639417062	1	1	1	1	1	1	1	0	1	0	1	0	1	0	1	1	1	1	0	1	1	1	1	1
640417051	1	1	1	1	0	1	1	1	1	1	0	1	0	1	0	1	1	1	1	1	1	1	1	1
641427041	1	1	1	1	1	1	1	1	1	0	1	1	1	0	1	1	1	1	0	1	1	0	1	1
642705082	1	1	1	1	0	1	1	1	1	1	0	0	0	1	0	1	1	1	1	1	1	0	1	1
643417011	1	1	1	1	1	1	1	0	1	0	1	0	1	0	1	1	1	1	0	1	1	0	1	0
64404101	1	1	1	1	0	1	1	0	1	0	0	0	1	0	1	1	1	1	0	1	1	0	1	0
644417012	1	1	1	1	0	1	1	0	1	1	0	0	1	0	1	1	1	1	0	1	1	0	1	1
645401031	1	1	1	1	1	1	1	1	1	1	1	1	1	1	1	1	1	1	1	1	1	0	1	1
646405061	1	1	1	1	1	1	1	1	1	1	1	1	0	1	0	1	1	1	1	1	1	1	1	1
647405102	1	1	1	1	1	1	1	0	1	0	1	0	1	0	1	1	1	1	0	1	1	1	1	0
649927031	1	1	1	1	1	1	1	1	1	0	1	1	1	0	1	1	1	1	1	1	1	1	1	1
651923072	1	1	1	1	1	1	1	1	1	0	1	0	1	1	1	1	1	1	1	1	1	0	1	1
653000468	1	1	1	1	0	1	1	0	1	0	0	0	1	0	1	1	1	1	0	1	1	0	1	1
654000467	1	1	1	1	1	1	1	1	1	1	1	1	1	0	1	1	1	1	1	1	1	1	1	1
65414101	1	1	1	1	0	1	1	0	1	0	0	0	1	0	1	1	1	1	0	1	1	1	1	1
656901101	1	1	1	1	1	1	1	1	1	1	0	0	1	1	1	1	1	1	0	1	1	1	1	0
658402011	1	1	1	1	1	1	1	0	1	0	1	0	1	0	1	1	1	1	0	1	1	1	1	0
659404021	1	1	1	1	1	1	1	1	1	0	1	1	1	0	1	1	1	1	0	1	1	0	0	1
660407051	1	1	1	1	0	1	1	1	1	1	0	0	1	1	1	1	1	1	1	1	1	1	1	1
661407041	1	1	1	1	0	1	1	0	1	0	0	0	1	0	1	1	1	1	0	1	1	0	1	0
662000476	1	1	1	1	1	1	1	1	1	0	1	1	1	0	1	1	1	1	0	1	1	0	1	1
663921051	1	1	1	1	1	1	1	1	1	0	1	1	1	0	1	1	1	1	0	1	1	1	1	1
66417082	1	1	1	1	1	0	1	1	1	1	1	1	1	0	1	1	1	1	1	1	1	0	1	1
664934021	1	1	1	1	0	1	1	1	1	1	0	1	1	0	1	1	1	1	1	1	1	1	1	1
665921081	1	1	1	1	0	1	1	1	1	1	0	0	1	1	1	1	1	1	1	1	1	0	0	0
666442081	1	1	1	1	0	1	1	0	1	0	0	0	1	0	1	1	1	1	0	1	1	0	0	1
667934102	1	1	1	1	1	0	1	1	1	1	1	1	1	1	1	1	1	1	0	1	1	0	1	1
670208081	1	1	1	1	0	1	1	0	1	0	0	0	1	0	1	1	1	1	0	1	1	0	1	1
671208082	1	1	1	1	0	1	1	0	1	0	0	0	1	0	1	1	1	1	0	1	1	0	1	0
672208061	1	1	1	1	1	1	1	1	1	1	1	0	1	1	1	1	1	1	1	1	1	0	1	1
673715061	1	1	1	1	0	1	1	0	1	0	0	0	1	0	1	1	1	1	0	1	1	1	1	1
674703041	1	1	1	1	0	1	1	1	1	1	0	0	1	1	1	1	1	1	1	1	1	0	1	1
675000350	1	1	1	1	0	1	1	0	1	0	0	0	1	0	1	1	1	1	0	1	1	0	1	1
676719081	1	1	1	1	1	1	1	1	1	1	1	1	1	0	1	1	1	1	1	1	1	0	1	1
677226041	1	1	1	1	0	1	1	1	1	1	0	0	1	1	1	1	1	1	1	1	1	0	1	0
678226042	1	1	1	1	0	1	1	0	1	0	0	0	1	0	1	1	1	1	0	1	1	0	1	1
67903011	1	1	1	1	0	1	1	0	1	0	0	0	1	0	1	1	1	1	0	1	1	0	1	1
679226032	1	1	1	1	0	1	1	1	1	0	1	1	1	0	1	1	1	1	0	1	1	0	1	1
680000556	1	1	1	1	1	1	1	1	1	1	1	1	1	0	1	1	1	1	1	1	1	1	1	1
681000475	1	1	1	1	0	1	1	0	1	0	0	0	1	0	1	1	1	1	0	1	1	0	1	1
682409091	1	1	1	1	1	1	1	1	1	0	1	1	1	0	1	1	1	1	0	1	1	0	0	1
683407031	1	1	1	1	0	1	1	1	1	0	0	1	1	0	1	1	1	1	0	1	1	0	1	1
685903011	1	1	1	1	1	0	1	1	1	0	1	1	1	0	1	1	1	1	0	1	1	0	1	1
686907091	1	1	1	1	0	1	1	0	1	0	0	0	1	0	1	1	1	1	0	1	1	0	1	1
687912091	1	1	1	1	1	1	1	1	1	1	1	0	1	1	1	1	1	1	0	1	1	0	0	1
688929011	1	1	1	1	0	1	1	0	1	0	0	0	1	0	1	1	1	1	0	1	1	0	1	1
68922043	1	1	1	1	0	1	1	0	1	0	0	0	1	0	1	1	1	1	0	1	1	0	1	0
690901071	1	1	1	1	0	1	1	1	1	1	0	1	1	0	1	1	1	1	1	1	1	0	1	1
692420091	1	1	1	1	1	1	1	0	1	0	1	0	1	0	1	1	1	1	0	1	1	1	1	1
693209051	1	1	1	1	0	1	1	0	1	0	0	0	1	0	1	1	1	1	0	1	1	0	1	1
694209052	1	1	1	1	0	1	1	1	1	1	0	0	1	1	1	1	1	1	1	1	1	0	1	0
695209021	1	1	1	1	0	1	1	0	1	0	0	0	1	0	1	1	1	1	0	1	1	0	1	1
696206071	1	1	1	1	0	1	1	1	1	1	0	0	1	1	1	1	1	1	1	1	1	0	1	1
697206072	1	1	1	1	0	1	1	0	1	0	0	0	1	0	1	1	1	1	0	1	1	0	1	1
698300155	1	1	1	1	0	1	1	0	1	0	0	0	1	0	1	1	1	1	0	1	1	1	1	1
69929081	1	1	1	1	1	1	1	0	1	0	1	0	1	0	1	1	1	1	0	1	1	0	1	1
800207091	1	1	1	1	0	1	1	0	1	0	0	0	1	0	1	1	1	1	0	1	1	1	1	1
801213101	1	1	1	1	1	1	1	1	1	1	1	0	1	1	1	1	1	1	1	1	1	1	1	1
802123041	1	1	1	1	0	1	1	0	1	0	0	0	1	0	1	1	1	1	0	1	1	0	1	1
803123042	1	1	1	1	1	1	1	0	1	0	1	0	1	0	1	1	1	1	0	1	1	0	1	1
804131031	1	1	1	1	0	1	1	0	1	0	0	0	1	0	1	1	1	1	0	1	1	0	1	1
80418051	1	1	1	1	1	1	1	1	1	1	1	1	0	1	0	1	1	1	1	1	1	0	1	1
805105101	1	1	1	1	0	1	1	0	1	0	0	0	1	0	1	1	1	1	0	1	1	1	1	0
806105102	1	1	1	1	1	0	1	1	1	0	1	1	1	0	1	1	1	1	1	1	1	0	0	1
808311032	1	1	1	1	1	1	1	1	1	1	1	1	1	0	1	1	1	1	1	1	1	0	1	1
810200141	1	1	1	1	0	1	1	1	1	1	0	0	1	1	1	1	1	1	1	1	1	0	1	1
811225081	1	1	1	1	0	1	1	0	1	0	0	0	1	0	1	1	1	1	0	1	1	1	1	1
812023062	1	1	1	1	1	1	1	1	1	1	1	0	1	1	1	1	1	1	0	1	1	1	1	1
813016061	1	1	1	1	1	1	1	1	1	0	1	1	1	0	1	1	1	1	0	1	1	0	1	1
81418052	1	1	1	1	1	1	1	1	1	1	1	1	1	1	1	1	1	1	1	1	1	1	1	1
814903031	1	1	1	1	0	1	1	0	1	0	0	0	1	0	1	1	1	1	0	1	1	0	1	1
815407031	1	1	1	1	1	1	1	1	1	0	1	1	1	0	1	1	1	1	0	1	1	1	1	1
816400231	1	1	1	1	0	1	1	0	1	0	0	0	1	0	1	1	1	1	0	1	1	1	1	1
817922021	1	1	1	1	0	1	1	0	1	0	0	0	1	0	1	1	1	1	0	1	1	0	1	1
818918011	1	1	1	1	0	1	1	0	1	0	0	0	1	0	1	1	1	1	0	1	1	1	1	1
819800030	1	1	1	1	0	1	1	1	1	1	0	0	0	1	0	1	1	1	1	1	1	1	1	1
820000506	1	1	1	1	0	1	1	0	1	0	0	0	1	0	1	1	1	1	0	1	1	0	1	0
8227031	1	1	1	1	0	1	1	0	1	0	0	0	1	0	1	1	1	1	0	1	1	0	1	1
822823072	1	1	1	1	1	1	1	0	1	0	1	0	1	0	1	1	1	1	0	1	1	0	1	1
823810121	1	1	1	1	1	1	1	1	1	1	1	0	1	1	1	1	1	1	1	1	1	0	1	1
82425021	1	1	1	1	0	1	1	1	1	1	0	1	1	1	1	1	1	1	1	1	1	0	1	1
824810122	1	1	1	1	0	1	1	0	1	0	0	0	1	0	1	1	1	1	0	1	1	0	1	1
825605071	1	1	1	1	1	1	1	1	1	1	1	1	1	1	1	1	1	1	1	1	1	1	1	1
826605072	1	1	1	1	0	1	1	1	1	0	0	1	1	0	1	1	1	1	0	1	1	1	1	0
827607111	1	1	1	1	1	1	1	1	1	0	1	1	1	0	1	1	1	1	0	1	1	0	0	1
828604051	1	1	1	1	0	1	1	0	1	0	0	0	1	0	1	1	1	1	0	1	1	0	0	0
829211061	1	1	1	1	1	1	1	1	1	1	1	1	1	0	1	1	1	1	1	1	1	1	1	1
830203042	1	1	1	1	1	0	1	1	1	1	1	1	1	0	1	1	1	1	1	1	1	1	1	1
831205021	1	1	1	1	0	1	1	0	1	1	0	0	1	0	1	1	1	1	0	1	1	1	1	0
832901032	1	1	1	1	1	1	1	0	1	0	1	0	1	0	1	1	1	1	0	1	1	0	1	1
833922051	1	1	1	1	0	1	1	1	1	1	0	0	1	1	1	1	1	1	1	1	1	1	1	1
83425022	1	1	1	1	1	1	1	1	1	1	1	1	1	1	1	1	1	1	1	1	1	0	0	1
835930011	1	1	1	1	0	1	1	0	1	0	0	0	1	0	1	1	1	1	0	1	1	0	0	1
836930072	1	1	1	1	0	1	1	0	1	0	0	0	1	0	1	1	1	1	1	1	1	0	1	0
837001011	1	1	1	1	0	1	1	0	1	0	0	0	1	0	1	1	1	1	1	1	1	0	1	0
838001021	1	1	1	1	0	1	1	0	1	0	0	0	1	0	1	1	1	1	0	1	1	0	1	1
839007051	1	1	1	1	0	1	1	1	1	1	0	0	1	1	1	1	1	1	1	1	1	0	1	1
840007041	1	1	1	1	0	1	1	1	1	1	0	0	1	1	1	1	1	1	1	1	1	0	1	0
841108042	1	1	1	1	1	1	1	1	1	1	1	1	1	1	1	1	1	1	1	1	1	1	1	1
842112081	1	1	1	1	0	1	1	0	1	0	0	0	1	0	1	1	1	1	0	1	1	1	1	0
843112071	1	1	1	0	1	0	1	0	0	0	1	0	1	0	1	1	1	1	0	1	1	0	1	1
844112061	1	1	1	1	0	1	1	1	1	1	0	0	1	1	1	1	1	1	1	1	1	1	1	1
84428022	1	1	1	1	0	1	1	0	1	1	0	0	1	0	1	1	1	1	0	1	1	1	1	1
845112062	1	1	1	1	0	1	1	0	1	0	0	0	1	0	1	1	1	1	0	1	1	0	1	0
847939062	1	1	1	1	0	1	1	1	1	1	0	0	1	1	1	1	1	1	1	1	1	1	1	1
848331071	1	1	1	1	1	1	1	1	1	1	1	1	1	0	1	1	1	1	1	1	1	1	1	1
849106091	1	1	1	1	1	1	1	1	1	1	1	1	1	1	1	1	1	1	1	1	1	0	1	1
850206101	1	1	1	1	0	1	1	0	1	0	0	0	1	0	1	1	1	1	0	1	1	0	1	1
851230081	1	1	1	1	1	1	1	0	1	0	1	0	1	0	1	1	1	1	0	1	1	0	1	1
852220051	1	1	1	1	1	1	1	1	1	1	1	1	1	1	1	1	1	1	1	1	1	0	1	1
853216071	1	1	1	1	1	0	1	1	1	1	1	1	1	1	1	1	1	1	1	1	1	0	1	1
854200282	1	1	1	1	1	1	1	1	1	0	1	1	1	0	1	1	1	1	0	1	1	1	1	1
85428051	1	1	1	1	1	1	1	1	1	0	1	1	1	0	1	1	1	1	0	1	1	0	1	1
855227091	1	1	1	1	0	1	1	0	1	0	0	0	1	0	1	1	1	1	0	1	1	0	1	0
856103091	1	1	1	1	1	0	1	1	1	1	1	1	1	0	1	1	1	1	1	1	1	1	1	1
857103081	1	1	1	1	1	0	1	1	1	1	1	1	1	0	1	1	1	1	1	1	1	1	1	1
858000540	1	1	1	1	0	1	1	0	1	0	0	0	1	0	1	1	1	1	0	1	1	0	0	1
859630011	1	1	1	1	0	1	1	1	1	1	0	0	1	1	1	1	1	1	1	1	1	0	0	1
860809022	1	1	1	1	1	0	1	1	1	0	1	0	1	1	1	1	1	1	0	1	1	0	1	1
861812011	1	1	1	1	1	1	1	1	1	1	1	1	1	1	1	1	1	1	1	1	1	0	1	1
862900051	1	1	1	1	0	1	1	0	1	0	0	0	1	0	1	1	1	1	0	1	1	1	1	1
863900061	1	1	1	1	0	1	1	0	1	0	0	0	1	0	1	1	1	1	0	1	1	1	1	1
86428052	1	1	1	1	1	1	1	1	1	0	1	1	1	0	1	1	1	1	0	1	1	0	1	1
864914071	1	1	1	1	0	1	1	0	1	0	0	0	1	0	1	1	1	1	0	1	1	0	1	0
865000557	1	1	1	1	1	1	1	0	1	0	1	0	1	0	1	1	1	1	0	1	1	1	1	1
866604021	1	1	1	1	0	1	1	1	1	1	0	0	1	1	1	1	1	1	1	1	1	1	1	1
868610051	1	1	1	1	1	1	1	0	1	0	1	0	1	0	1	1	1	1	0	1	1	1	1	1
869541071	1	1	1	1	1	0	1	1	1	1	1	1	1	0	1	1	1	1	1	1	1	1	1	1
870400071	1	1	1	1	1	1	1	1	1	0	1	1	1	1	1	1	1	1	0	1	1	1	1	0
871400011	1	1	1	1	0	1	1	0	1	0	0	0	1	0	1	1	1	1	0	1	1	1	1	0
872400021	1	1	1	1	1	1	1	1	1	0	1	0	1	1	1	1	1	1	0	1	1	0	1	1
873115091	1	1	1	1	0	1	1	0	1	0	0	0	1	0	1	1	1	1	0	1	1	1	1	1
874000021	1	1	1	1	1	1	1	1	1	1	1	1	0	1	0	1	1	1	1	1	1	0	1	1
87428053	1	1	1	1	1	1	1	1	1	0	1	1	1	0	1	1	1	1	0	1	1	0	1	1
875000031	1	1	1	1	0	1	1	0	1	0	0	0	1	0	1	1	1	1	0	1	1	0	1	1
876806031	1	1	1	1	0	1	1	0	1	0	0	0	1	0	1	1	1	1	0	1	1	1	1	1
877819091	1	1	1	1	1	1	1	0	1	0	1	0	1	0	1	1	1	1	0	1	1	0	1	1
879809041	1	1	1	1	1	1	1	1	1	0	1	1	1	0	1	1	1	1	0	1	1	1	1	1
880808061	1	1	1	1	0	1	1	1	1	1	0	0	1	1	1	1	1	1	1	1	1	0	1	1
881813041	1	1	1	1	0	1	1	0	1	0	0	0	1	0	1	1	1	1	0	1	1	0	1	1
88220081	1	1	1	1	1	1	1	1	1	0	1	1	1	0	1	1	1	1	0	1	1	1	1	1
882730051	1	1	1	1	0	1	1	0	1	0	0	0	1	0	1	1	1	1	0	1	1	0	1	1
883701052	1	1	1	1	0	1	1	0	1	0	0	0	1	0	1	1	1	1	0	1	1	1	1	0
884000530	1	1	1	1	0	1	1	0	1	0	0	0	1	0	1	1	1	1	0	1	1	0	1	1
885000534	1	1	1	1	1	1	1	1	1	0	0	0	1	1	1	1	1	1	0	1	1	0	1	1
886000538	1	1	1	1	0	1	1	0	1	0	0	0	1	0	1	1	1	1	0	1	1	0	1	1
887000453	1	1	1	0	1	0	1	0	0	0	1	0	1	0	1	1	1	1	0	1	1	0	1	1
888000458	1	1	1	1	1	1	1	1	1	0	1	1	1	0	1	1	1	1	0	1	1	0	1	1
889110131	1	1	1	1	1	0	1	1	1	1	1	1	1	0	1	1	1	1	1	1	1	0	1	1
890110091	1	1	1	1	0	1	1	1	1	1	0	0	1	1	1	1	1	1	1	1	1	1	1	1
891400031	1	1	1	1	0	1	1	0	1	0	0	0	1	0	1	1	1	1	0	1	1	0	1	1
89220082	1	1	1	1	1	1	1	1	1	0	1	1	1	0	1	1	1	1	0	1	1	1	1	1
893226021	1	1	1	1	0	1	1	0	1	0	0	0	1	0	1	1	1	1	0	1	1	0	1	1
894207061	1	1	1	1	0	1	1	0	1	0	0	0	1	0	1	1	1	1	0	1	1	1	1	1
896105021	1	1	1	1	0	1	1	0	1	0	0	0	1	0	1	1	1	1	0	1	1	0	1	1
897109041	1	1	1	1	0	1	1	1	1	1	0	0	1	1	1	1	1	1	1	1	1	0	1	1
898106061	1	1	1	1	0	1	1	0	1	0	0	0	1	0	1	1	1	1	0	1	1	1	1	1
